5.0      578
5.01     640
5.02     662
5.03     615
5.04     675
5.05     565
5.06     626
5.07     581
5.08     615
5.09     601
5.1      594
5.11     621
5.12     628
5.13     652
5.14     644
5.15     603
5.16     601
5.17     621
5.18     590
5.19     624
5.2      605
5.21     627
5.22     625
5.23     586
5.24     540
5.25     590
5.26     600
5.27     593
5.28     574
5.29     598
5.3      587
5.31     598
5.32     624
5.33     602
5.34     616
5.35     582
5.36     591
5.37     542
5.38     603
5.39     562
5.4      610
5.41     608
5.42     615
5.43     585
5.44     580
5.45     591
5.46     563
5.47     627
5.48     597
5.49     582
5.5      607
5.51     593
5.52     590
5.53     617
5.54     584
5.55     557
5.56     596
5.57     578
5.58     566
5.59     571
5.6      582
5.61     586
5.62     576
5.63     589
5.64     582
5.65     576
5.66     576
5.67     574
5.68     599
5.69     572
5.7      529
5.71     567
5.72     578
5.73     562
5.74     586
5.75     604
5.76     569
5.77     569
5.78     576
5.79     579
5.8      591
5.81     563
5.82     574
5.83     526
5.84     562
5.85     561
5.86     543
5.87     553
5.88     561
5.89     544
5.9      525
5.91     600
5.92     569
5.93     597
5.94     564
5.95     574
5.96     571
5.97     553
5.98     564
5.99     557
6.0      559
6.01     524
6.02     561
6.03     558
6.04     569
6.05     563
6.06     522
6.07     556
6.08     549
6.09     544
6.1      510
6.11     545
6.12     551
6.13     550
6.14     524
6.15     535
6.16     580
6.17     537
6.18     565
6.19     521
6.2      545
6.21     548
6.22     524
6.23     531
6.24     528
6.25     595
6.26     554
6.27     539
6.28     525
6.29     509
6.3      538
6.31     558
6.32     544
6.33     501
6.34     556
6.35     529
6.36     524
6.37     524
6.38     557
6.39     553
6.4      555
6.41     537
6.42     546
6.43     504
6.44     535
6.45     566
6.46     538
6.47     554
6.48     522
6.49     542
6.5      514
6.51     512
6.52     518
6.53     521
6.54     515
6.55     524
6.56     544
6.57     519
6.58     509
6.59     511
6.6      510
6.61     533
6.62     524
6.63     523
6.64     526
6.65     505
6.66     502
6.67     468
6.68     500
6.69     506
6.7      530
6.71     519
6.72     513
6.73     552
6.74     520
6.75     498
6.76     476
6.77     509
6.78     507
6.79     519
6.8      529
6.81     501
6.82     516
6.83     516
6.84     530
6.85     502
6.86     488
6.87     503
6.88     506
6.89     511
6.9      542
6.91     515
6.92     538
6.93     523
6.94     516
6.95     510
6.96     487
6.97     503
6.98     500
6.99     500
7.0      523
7.01     491
7.02     488
7.03     501
7.04     547
7.05     494
7.06     486
7.07     522
7.08     512
7.09     526
7.1      492
7.11     520
7.12     503
7.13     515
7.14     499
7.15     494
7.16     494
7.17     519
7.18     517
7.19     525
7.2      516
7.21     519
7.22     497
7.23     475
7.24     484
7.25     525
7.26     480
7.27     446
7.28     497
7.29     493
7.3      474
7.31     478
7.32     490
7.33     508
7.34     490
7.35     490
7.36     480
7.37     510
7.38     504
7.39     508
7.4      529
7.41     472
7.42     489
7.43     478
7.44     514
7.45     476
7.46     459
7.47     467
7.48     500
7.49     472
7.5      502
7.51     465
7.52     498
7.53     500
7.54     505
7.55     480
7.56     509
7.57     505
7.58     515
7.59     475
7.6      487
7.61     481
7.62     475
7.63     476
7.64     484
7.65     485
7.66     494
7.67     462
7.68     481
7.69     473
7.7      465
7.71     466
7.72     457
7.73     485
7.74     489
7.75     498
7.76     468
7.77     431
7.78     517
7.79     485
7.8      469
7.81     494
7.82     439
7.83     461
7.84     462
7.85     442
7.86     474
7.87     439
7.88     455
7.89     479
7.9      460
7.91     475
7.92     455
7.93     434
7.94     467
7.95     500
7.96     475
7.97     495
7.98     451
7.99     484
8.0      497
8.01     467
8.02     483
8.03     446
8.04     458
8.05     469
8.06     486
8.07     500
8.08     469
8.09     487
8.1      485
8.11     465
8.12     435
8.13     466
8.14     467
8.15     458
8.16     450
8.17     441
8.18     456
8.19     482
8.2      463
8.21     453
8.22     477
8.23     464
8.24     482
8.25     461
8.26     466
8.27     426
8.28     480
8.29     487
8.3      429
8.31     476
8.32     454
8.33     459
8.34     441
8.35     418
8.36     446
8.37     453
8.38     417
8.39     459
8.4      445
8.41     438
8.42     488
8.43     437
8.44     463
8.45     462
8.46     460
8.47     434
8.48     445
8.49     457
8.5      435
8.51     463
8.52     453
8.53     471
8.54     447
8.55     453
8.56     428
8.57     459
8.58     462
8.59     446
8.6      453
8.61     461
8.62     460
8.63     451
8.64     449
8.65     455
8.66     489
8.67     453
8.68     449
8.69     452
8.7      457
8.71     452
8.72     435
8.73     421
8.74     441
8.75     452
8.76     474
8.77     449
8.78     469
8.79     450
8.8      446
8.81     440
8.82     455
8.83     465
8.84     437
8.85     397
8.86     406
8.87     433
8.88     425
8.89     476
8.9      451
8.91     461
8.92     450
8.93     417
8.94     430
8.95     403
8.96     427
8.97     431
8.98     407
8.99     439
9.0      426
9.01     440
9.02     417
9.03     414
9.04     426
9.05     423
9.06     463
9.07     456
9.08     433
9.09     444
9.1      446
9.11     438
9.12     441
9.13     449
9.14     407
9.15     443
9.16     459
9.17     430
9.18     457
9.19     429
9.2      436
9.21     425
9.22     413
9.23     444
9.24     459
9.25     412
9.26     448
9.27     429
9.28     436
9.29     425
9.3      409
9.31     425
9.32     438
9.33     398
9.34     409
9.35     429
9.36     417
9.37     461
9.38     456
9.39     418
9.4      401
9.41     409
9.42     440
9.43     419
9.44     418
9.45     430
9.46     419
9.47     428
9.48     394
9.49     400
9.5      441
9.51     415
9.52     420
9.53     414
9.54     418
9.55     406
9.56     453
9.57     406
9.58     446
9.59     453
9.6      436
9.61     437
9.62     445
9.63     431
9.64     450
9.65     390
9.66     437
9.67     491
9.68     423
9.69     415
9.7      416
9.71     438
9.72     468
9.73     409
9.74     418
9.75     448
9.76     431
9.77     377
9.78     413
9.79     401
9.8      431
9.81     415
9.82     407
9.83     401
9.84     392
9.85     424
9.86     395
9.87     414
9.88     407
9.89     393
9.9      396
9.91     389
9.92     399
9.93     422
9.94     446
9.95     395
9.96     398
9.97     387
9.98     423
9.99     422
10.0     419
10.01    427
10.02    420
10.03    424
10.04    448
10.05    433
10.06    432
10.07    426
10.08    419
10.09    416
10.1     406
10.11    370
10.12    429
10.13    422
10.14    410
10.15    428
10.16    389
10.17    421
10.18    411
10.19    420
10.2     428
10.21    405
10.22    397
10.23    387
10.24    408
10.25    433
10.26    395
10.27    399
10.28    429
10.29    406
10.3     386
10.31    396
10.32    426
10.33    425
10.34    427
10.35    397
10.36    423
10.37    375
10.38    383
10.39    370
10.4     406
10.41    398
10.42    390
10.43    390
10.44    406
10.45    378
10.46    382
10.47    383
10.48    382
10.49    414
10.5     411
10.51    410
10.52    376
10.53    429
10.54    417
10.55    386
10.56    379
10.57    395
10.58    419
10.59    413
10.6     359
10.61    391
10.62    405
10.63    418
10.64    395
10.65    371
10.66    421
10.67    405
10.68    380
10.69    385
10.7     412
10.71    369
10.72    396
10.73    408
10.74    388
10.75    387
10.76    401
10.77    404
10.78    432
10.79    381
10.8     386
10.81    408
10.82    416
10.83    396
10.84    403
10.85    362
10.86    356
10.87    372
10.88    363
10.89    380
10.9     370
10.91    410
10.92    383
10.93    406
10.94    391
10.95    362
10.96    411
10.97    380
10.98    427
10.99    379
11.0     397
11.01    355
11.02    385
11.03    366
11.04    379
11.05    382
11.06    351
11.07    357
11.08    375
11.09    361
11.1     365
11.11    381
11.12    382
11.13    397
11.14    390
11.15    377
11.16    384
11.17    383
11.18    397
11.19    376
11.2     367
11.21    384
11.22    383
11.23    381
11.24    373
11.25    404
11.26    391
11.27    404
11.28    362
11.29    370
11.3     375
11.31    387
11.32    388
11.33    351
11.34    364
11.35    370
11.36    370
11.37    387
11.38    355
11.39    372
11.4     388
11.41    359
11.42    368
11.43    398
11.44    372
11.45    353
11.46    402
11.47    391
11.48    372
11.49    362
11.5     363
11.51    431
11.52    379
11.53    375
11.54    339
11.55    358
11.56    353
11.57    383
11.58    370
11.59    374
11.6     343
11.61    351
11.62    403
11.63    380
11.64    353
11.65    373
11.66    366
11.67    381
11.68    354
11.69    403
11.7     375
11.71    368
11.72    364
11.73    362
11.74    356
11.75    393
11.76    338
11.77    373
11.78    353
11.79    381
11.8     378
11.81    367
11.82    366
11.83    352
11.84    356
11.85    346
11.86    320
11.87    393
11.88    341
11.89    349
11.9     377
11.91    327
11.92    359
11.93    352
11.94    374
11.95    367
11.96    382
11.97    376
11.98    370
11.99    362
12.0     347
12.01    356
12.02    378
12.03    363
12.04    360
12.05    357
12.06    355
12.07    366
12.08    368
12.09    359
12.1     320
12.11    357
12.12    347
12.13    374
12.14    351
12.15    363
12.16    353
12.17    369
12.18    321
12.19    344
12.2     371
12.21    364
12.22    375
12.23    373
12.24    368
12.25    350
12.26    327
12.27    315
12.28    341
12.29    364
12.3     344
12.31    331
12.32    342
12.33    328
12.34    353
12.35    351
12.36    355
12.37    353
12.38    364
12.39    350
12.4     306
12.41    327
12.42    370
12.43    345
12.44    348
12.45    339
12.46    352
12.47    327
12.48    315
12.49    318
12.5     316
12.51    341
12.52    377
12.53    375
12.54    356
12.55    370
12.56    343
12.57    371
12.58    341
12.59    322
12.6     351
12.61    351
12.62    331
12.63    311
12.64    332
12.65    353
12.66    351
12.67    351
12.68    330
12.69    310
12.7     353
12.71    368
12.72    333
12.73    318
12.74    340
12.75    377
12.76    365
12.77    346
12.78    368
12.79    329
12.8     327
12.81    334
12.82    307
12.83    340
12.84    345
12.85    321
12.86    310
12.87    334
12.88    356
12.89    339
12.9     366
12.91    380
12.92    341
12.93    334
12.94    353
12.95    348
12.96    325
12.97    364
12.98    348
12.99    328
13.0     349
13.01    352
13.02    323
13.03    323
13.04    318
13.05    358
13.06    326
13.07    324
13.08    340
13.09    334
13.1     318
13.11    332
13.12    317
13.13    342
13.14    325
13.15    335
13.16    328
13.17    325
13.18    336
13.19    322
13.2     327
13.21    356
13.22    342
13.23    351
13.24    316
13.25    326
13.26    322
13.27    299
13.28    328
13.29    352
13.3     348
13.31    307
13.32    315
13.33    330
13.34    327
13.35    341
13.36    320
13.37    329
13.38    331
13.39    315
13.4     314
13.41    305
13.42    317
13.43    302
13.44    318
13.45    339
13.46    315
13.47    304
13.48    314
13.49    315
13.5     312
13.51    322
13.52    313
13.53    335
13.54    302
13.55    312
13.56    343
13.57    322
13.58    331
13.59    333
13.6     304
13.61    308
13.62    323
13.63    305
13.64    288
13.65    347
13.66    311
13.67    328
13.68    333
13.69    330
13.7     331
13.71    302
13.72    332
13.73    317
13.74    306
13.75    351
13.76    283
13.77    327
13.78    311
13.79    325
13.8     322
13.81    304
13.82    334
13.83    314
13.84    304
13.85    291
13.86    308
13.87    291
13.88    305
13.89    303
13.9     321
13.91    326
13.92    289
13.93    333
13.94    321
13.95    281
13.96    322
13.97    331
13.98    326
13.99    301
14.0     292
14.01    310
14.02    306
14.03    303
14.04    310
14.05    320
14.06    309
14.07    331
14.08    325
14.09    297
14.1     283
14.11    321
14.12    301
14.13    304
14.14    310
14.15    282
14.16    304
14.17    328
14.18    311
14.19    308
14.2     310
14.21    306
14.22    304
14.23    309
14.24    319
14.25    313
14.26    299
14.27    305
14.28    324
14.29    304
14.3     319
14.31    325
14.32    282
14.33    308
14.34    313
14.35    292
14.36    300
14.37    286
14.38    340
14.39    282
14.4     289
14.41    317
14.42    315
14.43    309
14.44    313
14.45    314
14.46    314
14.47    312
14.48    314
14.49    271
14.5     292
14.51    325
14.52    295
14.53    310
14.54    307
14.55    312
14.56    293
14.57    283
14.58    317
14.59    284
14.6     309
14.61    281
14.62    295
14.63    306
14.64    296
14.65    304
14.66    283
14.67    314
14.68    319
14.69    264
14.7     297
14.71    306
14.72    304
14.73    310
14.74    314
14.75    257
14.76    264
14.77    319
14.78    307
14.79    302
14.8     280
14.81    290
14.82    282
14.83    319
14.84    303
14.85    303
14.86    301
14.87    313
14.88    310
14.89    306
14.9     315
14.91    304
14.92    328
14.93    291
14.94    281
14.95    269
14.96    288
14.97    282
14.98    306
14.99    259
15.0     289
15.01    305
15.02    295
15.03    275
15.04    276
15.05    305
15.06    290
15.07    267
15.08    285
15.09    295
15.1     286
15.11    310
15.12    279
15.13    303
15.14    278
15.15    277
15.16    277
15.17    269
15.18    280
15.19    278
15.2     264
15.21    277
15.22    279
15.23    274
15.24    293
15.25    294
15.26    289
15.27    301
15.28    291
15.29    274
15.3     283
15.31    277
15.32    277
15.33    258
15.34    285
15.35    267
15.36    303
15.37    264
15.38    263
15.39    278
15.4     273
15.41    240
15.42    277
15.43    296
15.44    293
15.45    306
15.46    307
15.47    276
15.48    285
15.49    287
15.5     268
15.51    283
15.52    312
15.53    305
15.54    297
15.55    292
15.56    283
15.57    306
15.58    267
15.59    303
15.6     283
15.61    267
15.62    280
15.63    265
15.64    285
15.65    299
15.66    278
15.67    279
15.68    308
15.69    278
15.7     286
15.71    264
15.72    260
15.73    262
15.74    273
15.75    271
15.76    277
15.77    275
15.78    287
15.79    275
15.8     276
15.81    293
15.82    264
15.83    261
15.84    251
15.85    298
15.86    283
15.87    273
15.88    271
15.89    252
15.9     273
15.91    270
15.92    270
15.93    280
15.94    321
15.95    291
15.96    273
15.97    280
15.98    266
15.99    288
16.0     274
16.01    265
16.02    273
16.03    253
16.04    284
16.05    279
16.06    241
16.07    239
16.08    255
16.09    252
16.1     245
16.11    252
16.12    265
16.13    260
16.14    265
16.15    253
16.16    273
16.17    294
16.18    243
16.19    236
16.2     260
16.21    250
16.22    243
16.23    263
16.24    276
16.25    259
16.26    281
16.27    267
16.28    260
16.29    259
16.3     266
16.31    246
16.32    260
16.33    258
16.34    273
16.35    276
16.36    263
16.37    246
16.38    234
16.39    271
16.4     261
16.41    271
16.42    289
16.43    248
16.44    242
16.45    298
16.46    279
16.47    280
16.48    269
16.49    271
16.5     248
16.51    260
16.52    252
16.53    248
16.54    258
16.55    279
16.56    270
16.57    249
16.58    261
16.59    265
16.6     238
16.61    302
16.62    278
16.63    263
16.64    255
16.65    280
16.66    256
16.67    260
16.68    242
16.69    220
16.7     240
16.71    244
16.72    279
16.73    237
16.74    265
16.75    264
16.76    257
16.77    262
16.78    254
16.79    236
16.8     261
16.81    254
16.82    254
16.83    269
16.84    272
16.85    257
16.86    263
16.87    264
16.88    254
16.89    265
16.9     280
16.91    251
16.92    282
16.93    247
16.94    279
16.95    241
16.96    238
16.97    236
16.98    235
16.99    241
17.0     243
17.01    240
17.02    246
17.03    245
17.04    254
17.05    252
17.06    254
17.07    255
17.08    271
17.09    266
17.1     258
17.11    242
17.12    258
17.13    248
17.14    243
17.15    260
17.16    273
17.17    236
17.18    244
17.19    278
17.2     259
17.21    268
17.22    261
17.23    261
17.24    250
17.25    262
17.26    239
17.27    274
17.28    255
17.29    283
17.3     220
17.31    254
17.32    246
17.33    233
17.34    217
17.35    245
17.36    241
17.37    235
17.38    240
17.39    260
17.4     215
17.41    241
17.42    246
17.43    277
17.44    242
17.45    253
17.46    237
17.47    252
17.48    242
17.49    231
17.5     235
17.51    272
17.52    237
17.53    268
17.54    247
17.55    252
17.56    230
17.57    231
17.58    238
17.59    273
17.6     236
17.61    243
17.62    245
17.63    228
17.64    275
17.65    248
17.66    217
17.67    245
17.68    236
17.69    239
17.7     221
17.71    230
17.72    252
17.73    259
17.74    242
17.75    232
17.76    268
17.77    250
17.78    238
17.79    234
17.8     240
17.81    265
17.82    255
17.83    252
17.84    250
17.85    249
17.86    262
17.87    253
17.88    252
17.89    217
17.9     224
17.91    238
17.92    220
17.93    250
17.94    242
17.95    228
17.96    246
17.97    238
17.98    226
17.99    223
18.0     246
18.01    244
18.02    249
18.03    233
18.04    226
18.05    220
18.06    200
18.07    234
18.08    215
18.09    231
18.1     240
18.11    241
18.12    231
18.13    235
18.14    232
18.15    240
18.16    242
18.17    226
18.18    248
18.19    242
18.2     231
18.21    253
18.22    248
18.23    245
18.24    227
18.25    243
18.26    264
18.27    223
18.28    201
18.29    246
18.3     230
18.31    236
18.32    229
18.33    207
18.34    238
18.35    265
18.36    249
18.37    241
18.38    256
18.39    229
18.4     219
18.41    234
18.42    236
18.43    235
18.44    218
18.45    218
18.46    263
18.47    252
18.48    234
18.49    221
18.5     220
18.51    226
18.52    214
18.53    238
18.54    222
18.55    234
18.56    241
18.57    229
18.58    258
18.59    252
18.6     251
18.61    269
18.62    227
18.63    212
18.64    218
18.65    240
18.66    289
18.67    294
18.68    271
18.69    280
18.7     287
18.71    319
18.72    286
18.73    285
18.74    280
18.75    259
18.76    264
18.77    266
18.78    254
18.79    218
18.8     239
18.81    231
18.82    237
18.83    213
18.84    242
18.85    221
18.86    244
18.87    215
18.88    220
18.89    228
18.9     216
18.91    202
18.92    241
18.93    224
18.94    208
18.95    206
18.96    225
18.97    231
18.98    221
18.99    226
19.0     198
19.01    230
19.02    206
19.03    209
19.04    227
19.05    228
19.06    211
19.07    245
19.08    224
19.09    211
19.1     192
19.11    213
19.12    231
19.13    250
19.14    220
19.15    220
19.16    230
19.17    227
19.18    231
19.19    219
19.2     239
19.21    227
19.22    230
19.23    221
19.24    220
19.25    237
19.26    220
19.27    234
19.28    233
19.29    210
19.3     242
19.31    196
19.32    209
19.33    215
19.34    225
19.35    240
19.36    198
19.37    193
19.38    194
19.39    240
19.4     226
19.41    229
19.42    235
19.43    225
19.44    212
19.45    227
19.46    229
19.47    213
19.48    220
19.49    212
19.5     226
19.51    226
19.52    215
19.53    234
19.54    204
19.55    235
19.56    231
19.57    194
19.58    213
19.59    225
19.6     242
19.61    226
19.62    223
19.63    196
19.64    224
19.65    224
19.66    222
19.67    217
19.68    219
19.69    205
19.7     205
19.71    209
19.72    207
19.73    227
19.74    233
19.75    213
19.76    210
19.77    221
19.78    237
19.79    210
19.8     220
19.81    226
19.82    218
19.83    201
19.84    220
19.85    226
19.86    236
19.87    216
19.88    235
19.89    236
19.9     201
19.91    219
19.92    228
19.93    212
19.94    226
19.95    218
19.96    215
19.97    239
19.98    206
19.99    213
20.0     204
20.01    235
20.02    227
20.03    234
20.04    273
20.05    240
20.06    234
20.07    225
20.08    232
20.09    259
20.1     231
20.11    240
20.12    256
20.13    265
20.14    233
20.15    252
20.16    218
20.17    227
20.18    230
20.19    258
20.2     263
20.21    235
20.22    255
20.23    268
20.24    245
20.25    257
20.26    241
20.27    237
20.28    229
20.29    237
20.3     253
20.31    276
20.32    256
20.33    258
20.34    245
20.35    244
20.36    276
20.37    264
20.38    271
20.39    263
20.4     284
20.41    320
20.42    307
20.43    307
20.44    342
20.45    352
20.46    382
20.47    405
20.48    373
20.49    448
20.5     485
20.51    471
20.52    502
20.53    567
20.54    557
20.55    589
20.56    672
20.57    752
20.58    756
20.59    829
20.6     899
20.61    999
20.62    1145
20.63    1301
20.64    1520
20.65    1672
20.66    1922
20.67    2159
20.68    2403
20.69    2924
20.7     3378
20.71    4028
20.72    4785
20.73    5708
20.74    6544
20.75    7135
20.76    6939
20.77    6305
20.78    5023
20.79    4111
20.8     3728
20.81    3355
20.82    2771
20.83    1937
20.84    1204
20.85    800
20.86    590
20.87    486
20.88    448
20.89    447
20.9     387
20.91    385
20.92    353
20.93    350
20.94    341
20.95    301
20.96    320
20.97    290
20.98    259
20.99    259
21.0     259
21.01    291
21.02    258
21.03    285
21.04    235
21.05    259
21.06    253
21.07    233
21.08    258
21.09    245
21.1     242
21.11    234
21.12    259
21.13    232
21.14    219
21.15    212
21.16    217
21.17    209
21.18    199
21.19    236
21.2     201
21.21    252
21.22    224
21.23    225
21.24    255
21.25    209
21.26    217
21.27    214
21.28    212
21.29    237
21.3     224
21.31    226
21.32    232
21.33    205
21.34    216
21.35    232
21.36    214
21.37    212
21.38    239
21.39    216
21.4     249
21.41    207
21.42    244
21.43    205
21.44    210
21.45    216
21.46    228
21.47    244
21.48    187
21.49    216
21.5     220
21.51    176
21.52    213
21.53    212
21.54    198
21.55    188
21.56    218
21.57    230
21.58    216
21.59    220
21.6     191
21.61    225
21.62    202
21.63    204
21.64    217
21.65    222
21.66    213
21.67    227
21.68    208
21.69    205
21.7     206
21.71    207
21.72    214
21.73    203
21.74    198
21.75    193
21.76    212
21.77    215
21.78    215
21.79    200
21.8     198
21.81    206
21.82    221
21.83    223
21.84    212
21.85    199
21.86    221
21.87    228
21.88    210
21.89    214
21.9     228
21.91    230
21.92    191
21.93    207
21.94    201
21.95    200
21.96    182
21.97    205
21.98    206
21.99    193
22.0     185
22.01    182
22.02    203
22.03    201
22.04    202
22.05    171
22.06    198
22.07    203
22.08    202
22.09    194
22.1     178
22.11    180
22.12    180
22.13    209
22.14    201
22.15    212
22.16    194
22.17    223
22.18    199
22.19    204
22.2     212
22.21    215
22.22    179
22.23    184
22.24    202
22.25    192
22.26    209
22.27    184
22.28    184
22.29    198
22.3     169
22.31    196
22.32    203
22.33    191
22.34    167
22.35    183
22.36    189
22.37    195
22.38    179
22.39    184
22.4     210
22.41    201
22.42    180
22.43    194
22.44    202
22.45    195
22.46    172
22.47    169
22.48    187
22.49    156
22.5     183
22.51    187
22.52    203
22.53    178
22.54    175
22.55    192
22.56    189
22.57    157
22.58    186
22.59    179
22.6     188
22.61    192
22.62    204
22.63    169
22.64    217
22.65    206
22.66    210
22.67    189
22.68    184
22.69    201
22.7     211
22.71    185
22.72    194
22.73    194
22.74    190
22.75    195
22.76    197
22.77    189
22.78    204
22.79    201
22.8     204
22.81    193
22.82    179
22.83    170
22.84    192
22.85    177
22.86    204
22.87    206
22.88    173
22.89    161
22.9     183
22.91    168
22.92    198
22.93    170
22.94    175
22.95    177
22.96    192
22.97    157
22.98    170
22.99    191
23.0     187
23.01    172
23.02    144
23.03    147
23.04    188
23.05    200
23.06    200
23.07    196
23.08    165
23.09    183
23.1     193
23.11    195
23.12    161
23.13    196
23.14    197
23.15    191
23.16    212
23.17    176
23.18    194
23.19    159
23.2     157
23.21    186
23.22    186
23.23    174
23.24    198
23.25    202
23.26    163
23.27    193
23.28    177
23.29    180
23.3     179
23.31    175
23.32    185
23.33    167
23.34    161
23.35    172
23.36    174
23.37    179
23.38    182
23.39    165
23.4     187
23.41    160
23.42    161
23.43    150
23.44    145
23.45    164
23.46    173
23.47    188
23.48    190
23.49    178
23.5     177
23.51    198
23.52    170
23.53    197
23.54    158
23.55    193
23.56    195
23.57    195
23.58    193
23.59    171
23.6     161
23.61    168
23.62    186
23.63    182
23.64    171
23.65    192
23.66    206
23.67    199
23.68    188
23.69    200
23.7     191
23.71    182
23.72    176
23.73    191
23.74    194
23.75    195
23.76    205
23.77    189
23.78    204
23.79    207
23.8     220
23.81    237
23.82    213
23.83    228
23.84    261
23.85    268
23.86    287
23.87    335
23.88    368
23.89    411
23.9     418
23.91    476
23.92    525
23.93    524
23.94    445
23.95    379
23.96    287
23.97    238
23.98    209
23.99    198
24.0     204
24.01    189
24.02    193
24.03    196
24.04    183
24.05    197
24.06    191
24.07    164
24.08    172
24.09    187
24.1     182
24.11    175
24.12    177
24.13    175
24.14    147
24.15    173
24.16    169
24.17    168
24.18    195
24.19    170
24.2     183
24.21    171
24.22    179
24.23    172
24.24    171
24.25    161
24.26    173
24.27    184
24.28    166
24.29    180
24.3     188
24.31    184
24.32    167
24.33    187
24.34    186
24.35    182
24.36    188
24.37    178
24.38    193
24.39    166
24.4     173
24.41    168
24.42    156
24.43    164
24.44    198
24.45    165
24.46    171
24.47    177
24.48    160
24.49    179
24.5     159
24.51    159
24.52    176
24.53    156
24.54    155
24.55    180
24.56    144
24.57    165
24.58    168
24.59    159
24.6     165
24.61    157
24.62    175
24.63    173
24.64    159
24.65    173
24.66    195
24.67    171
24.68    165
24.69    167
24.7     169
24.71    172
24.72    177
24.73    196
24.74    172
24.75    175
24.76    165
24.77    159
24.78    165
24.79    177
24.8     175
24.81    169
24.82    160
24.83    158
24.84    141
24.85    187
24.86    143
24.87    159
24.88    174
24.89    162
24.9     178
24.91    179
24.92    160
24.93    177
24.94    173
24.95    162
24.96    178
24.97    192
24.98    180
24.99    163
25.0     145
25.01    156
25.02    157
25.03    143
25.04    182
25.05    165
25.06    178
25.07    163
25.08    181
25.09    185
25.1     144
25.11    171
25.12    164
25.13    134
25.14    140
25.15    175
25.16    162
25.17    193
25.18    179
25.19    168
25.2     153
25.21    148
25.22    161
25.23    149
25.24    170
25.25    165
25.26    182
25.27    177
25.28    181
25.29    166
25.3     183
25.31    179
25.32    149
25.33    146
25.34    158
25.35    163
25.36    187
25.37    160
25.38    151
25.39    157
25.4     174
25.41    161
25.42    169
25.43    161
25.44    163
25.45    154
25.46    169
25.47    176
25.48    181
25.49    180
25.5     182
25.51    175
25.52    176
25.53    185
25.54    184
25.55    158
25.56    205
25.57    212
25.58    188
25.59    221
25.6     223
25.61    236
25.62    252
25.63    264
25.64    251
25.65    251
25.66    258
25.67    261
25.68    240
25.69    245
25.7     288
25.71    252
25.72    273
25.73    281
25.74    280
25.75    275
25.76    289
25.77    258
25.78    265
25.79    275
25.8     292
25.81    266
25.82    249
25.83    260
25.84    272
25.85    253
25.86    269
25.87    285
25.88    279
25.89    288
25.9     294
25.91    298
25.92    281
25.93    288
25.94    299
25.95    314
25.96    293
25.97    315
25.98    277
25.99    294
26.0     299
26.01    282
26.02    298
26.03    305
26.04    310
26.05    315
26.06    327
26.07    341
26.08    335
26.09    357
26.1     335
26.11    343
26.12    357
26.13    379
26.14    407
26.15    394
26.16    425
26.17    432
26.18    464
26.19    499
26.2     512
26.21    583
26.22    634
26.23    688
26.24    682
26.25    788
26.26    902
26.27    964
26.28    1011
26.29    1185
26.3     1242
26.31    1381
26.32    1516
26.33    1647
26.34    1812
26.35    2005
26.36    2239
26.37    2552
26.38    2929
26.39    3303
26.4     3933
26.41    4475
26.42    5070
26.43    5816
26.44    6877
26.45    8009
26.46    9805
26.47    11712
26.48    14409
26.49    17902
26.5     22090
26.51    26955
26.52    31683
26.53    34913
26.54    34625
26.55    30112
26.56    23143
26.57    18267
26.58    16661
26.59    16965
26.6     17210
26.61    15707
26.62    11826
26.63    7546
26.64    4451
26.65    2799
26.66    1895
26.67    1508
26.68    1282
26.69    1098
26.7     978
26.71    850
26.72    773
26.73    709
26.74    691
26.75    651
26.76    581
26.77    552
26.78    501
26.79    443
26.8     478
26.81    453
26.82    433
26.83    419
26.84    404
26.85    368
26.86    407
26.87    390
26.88    358
26.89    355
26.9     338
26.91    338
26.92    311
26.93    337
26.94    311
26.95    272
26.96    297
26.97    292
26.98    270
26.99    294
27.0     311
27.01    276
27.02    283
27.03    277
27.04    295
27.05    269
27.06    267
27.07    255
27.08    251
27.09    255
27.1     242
27.11    206
27.12    250
27.13    264
27.14    248
27.15    257
27.16    260
27.17    250
27.18    267
27.19    246
27.2     232
27.21    233
27.22    226
27.23    207
27.24    222
27.25    222
27.26    222
27.27    191
27.28    214
27.29    221
27.3     220
27.31    241
27.32    226
27.33    201
27.34    221
27.35    215
27.36    215
27.37    217
27.38    190
27.39    190
27.4     217
27.41    204
27.42    201
27.43    217
27.44    202
27.45    216
27.46    210
27.47    220
27.48    216
27.49    224
27.5     202
27.51    211
27.52    183
27.53    187
27.54    182
27.55    211
27.56    190
27.57    197
27.58    206
27.59    179
27.6     182
27.61    197
27.62    218
27.63    196
27.64    175
27.65    181
27.66    201
27.67    195
27.68    194
27.69    209
27.7     197
27.71    212
27.72    190
27.73    212
27.74    228
27.75    182
27.76    175
27.77    191
27.78    209
27.79    200
27.8     170
27.81    189
27.82    177
27.83    191
27.84    196
27.85    203
27.86    190
27.87    189
27.88    184
27.89    174
27.9     188
27.91    171
27.92    192
27.93    182
27.94    179
27.95    176
27.96    170
27.97    186
27.98    170
27.99    198
28.0     166
28.01    197
28.02    183
28.03    184
28.04    151
28.05    153
28.06    188
28.07    165
28.08    183
28.09    152
28.1     187
28.11    168
28.12    163
28.13    170
28.14    176
28.15    154
28.16    151
28.17    158
28.18    183
28.19    159
28.2     186
28.21    173
28.22    163
28.23    165
28.24    188
28.25    169
28.26    162
28.27    177
28.28    169
28.29    161
28.3     171
28.31    179
28.32    157
28.33    177
28.34    178
28.35    153
28.36    147
28.37    191
28.38    174
28.39    164
28.4     164
28.41    148
28.42    152
28.43    177
28.44    169
28.45    162
28.46    175
28.47    164
28.48    165
28.49    165
28.5     173
28.51    162
28.52    161
28.53    162
28.54    150
28.55    158
28.56    139
28.57    164
28.58    168
28.59    148
28.6     171
28.61    153
28.62    176
28.63    157
28.64    145
28.65    167
28.66    169
28.67    157
28.68    154
28.69    162
28.7     151
28.71    161
28.72    144
28.73    144
28.74    170
28.75    151
28.76    156
28.77    145
28.78    145
28.79    154
28.8     146
28.81    152
28.82    147
28.83    133
28.84    148
28.85    155
28.86    140
28.87    151
28.88    134
28.89    142
28.9     128
28.91    153
28.92    149
28.93    159
28.94    148
28.95    145
28.96    159
28.97    156
28.98    139
28.99    157
29.0     154
29.01    163
29.02    149
29.03    138
29.04    143
29.05    143
29.06    152
29.07    172
29.08    151
29.09    152
29.1     152
29.11    149
29.12    147
29.13    124
29.14    133
29.15    168
29.16    157
29.17    132
29.18    158
29.19    134
29.2     129
29.21    153
29.22    144
29.23    138
29.24    138
29.25    140
29.26    128
29.27    139
29.28    147
29.29    148
29.3     141
29.31    143
29.32    138
29.33    139
29.34    130
29.35    134
29.36    149
29.37    138
29.38    126
29.39    140
29.4     148
29.41    146
29.42    128
29.43    156
29.44    171
29.45    145
29.46    140
29.47    131
29.48    139
29.49    126
29.5     136
29.51    121
29.52    142
29.53    132
29.54    134
29.55    141
29.56    140
29.57    149
29.58    145
29.59    122
29.6     117
29.61    131
29.62    143
29.63    159
29.64    141
29.65    143
29.66    126
29.67    134
29.68    131
29.69    147
29.7     158
29.71    133
29.72    125
29.73    128
29.74    142
29.75    120
29.76    126
29.77    148
29.78    144
29.79    150
29.8     136
29.81    150
29.82    139
29.83    144
29.84    126
29.85    117
29.86    125
29.87    137
29.88    120
29.89    125
29.9     159
29.91    130
29.92    138
29.93    100
29.94    119
29.95    134
29.96    130
29.97    134
29.98    126
29.99    131
30.0     111
30.01    131
30.02    138
30.03    141
30.04    123
30.05    127
30.06    132
30.07    147
30.08    114
30.09    147
30.1     106
30.11    122
30.12    132
30.13    137
30.14    150
30.15    143
30.16    111
30.17    138
30.18    115
30.19    121
30.2     120
30.21    139
30.22    131
30.23    132
30.24    112
30.25    113
30.26    118
30.27    118
30.28    134
30.29    126
30.3     132
30.31    137
30.32    128
30.33    131
30.34    130
30.35    137
30.36    135
30.37    104
30.38    118
30.39    146
30.4     127
30.41    141
30.42    119
30.43    115
30.44    129
30.45    136
30.46    126
30.47    119
30.48    119
30.49    117
30.5     119
30.51    145
30.52    117
30.53    119
30.54    120
30.55    124
30.56    107
30.57    136
30.58    125
30.59    125
30.6     121
30.61    122
30.62    120
30.63    137
30.64    128
30.65    128
30.66    143
30.67    131
30.68    127
30.69    118
30.7     122
30.71    117
30.72    113
30.73    119
30.74    116
30.75    123
30.76    116
30.77    112
30.78    131
30.79    131
30.8     96
30.81    112
30.82    109
30.83    115
30.84    123
30.85    123
30.86    113
30.87    119
30.88    119
30.89    135
30.9     114
30.91    120
30.92    121
30.93    124
30.94    142
30.95    101
30.96    120
30.97    109
30.98    141
30.99    118
31.0     117
31.01    118
31.02    133
31.03    110
31.04    117
31.05    105
31.06    127
31.07    124
31.08    103
31.09    118
31.1     110
31.11    109
31.12    113
31.13    126
31.14    118
31.15    116
31.16    121
31.17    107
31.18    118
31.19    115
31.2     110
31.21    120
31.22    121
31.23    132
31.24    150
31.25    120
31.26    139
31.27    109
31.28    125
31.29    122
31.3     99
31.31    103
31.32    109
31.33    118
31.34    106
31.35    112
31.36    107
31.37    117
31.38    113
31.39    123
31.4     114
31.41    108
31.42    126
31.43    115
31.44    125
31.45    121
31.46    95
31.47    115
31.48    119
31.49    122
31.5     114
31.51    105
31.52    122
31.53    104
31.54    102
31.55    103
31.56    105
31.57    115
31.58    103
31.59    108
31.6     115
31.61    107
31.62    124
31.63    124
31.64    116
31.65    109
31.66    102
31.67    118
31.68    104
31.69    122
31.7     122
31.71    103
31.72    100
31.73    94
31.74    108
31.75    102
31.76    104
31.77    99
31.78    125
31.79    126
31.8     110
31.81    103
31.82    103
31.83    103
31.84    96
31.85    90
31.86    95
31.87    105
31.88    116
31.89    113
31.9     104
31.91    103
31.92    102
31.93    100
31.94    115
31.95    100
31.96    101
31.97    93
31.98    107
31.99    109
32.0     111
32.01    108
32.02    94
32.03    106
32.04    108
32.05    97
32.06    116
32.07    123
32.08    99
32.09    123
32.1     106
32.11    116
32.12    107
32.13    108
32.14    101
32.15    96
32.16    106
32.17    102
32.18    88
32.19    105
32.2     90
32.21    117
32.22    113
32.23    97
32.24    108
32.25    108
32.26    106
32.27    112
32.28    106
32.29    106
32.3     88
32.31    107
32.32    113
32.33    97
32.34    98
32.35    98
32.36    103
32.37    97
32.38    105
32.39    111
32.4     109
32.41    113
32.42    90
32.43    116
32.44    106
32.45    97
32.46    96
32.47    109
32.48    116
32.49    122
32.5     99
32.51    108
32.52    111
32.53    103
32.54    106
32.55    97
32.56    103
32.57    104
32.58    119
32.59    95
32.6     112
32.61    122
32.62    92
32.63    109
32.64    89
32.65    101
32.66    88
32.67    97
32.68    101
32.69    91
32.7     103
32.71    102
32.72    111
32.73    109
32.74    124
32.75    107
32.76    102
32.77    103
32.78    114
32.79    112
32.8     123
32.81    130
32.82    126
32.83    106
32.84    110
32.85    100
32.86    119
32.87    108
32.88    109
32.89    116
32.9     88
32.91    105
32.92    85
32.93    98
32.94    107
32.95    111
32.96    83
32.97    96
32.98    102
32.99    113
33.0     100
33.01    101
33.02    88
33.03    91
33.04    89
33.05    97
33.06    102
33.07    83
33.08    95
33.09    89
33.1     109
33.11    105
33.12    94
33.13    102
33.14    107
33.15    107
33.16    95
33.17    96
33.18    96
33.19    77
33.2     89
33.21    90
33.22    91
33.23    103
33.24    92
33.25    92
33.26    89
33.27    94
33.28    88
33.29    90
33.3     102
33.31    102
33.32    105
33.33    89
33.34    103
33.35    74
33.36    93
33.37    88
33.38    91
33.39    98
33.4     83
33.41    104
33.42    83
33.43    85
33.44    82
33.45    97
33.46    101
33.47    94
33.48    93
33.49    85
33.5     97
33.51    101
33.52    89
33.53    92
33.54    73
33.55    94
33.56    95
33.57    93
33.58    91
33.59    92
33.6     106
33.61    84
33.62    100
33.63    80
33.64    101
33.65    81
33.66    98
33.67    90
33.68    83
33.69    107
33.7     94
33.71    89
33.72    81
33.73    99
33.74    81
33.75    108
33.76    87
33.77    96
33.78    86
33.79    95
33.8     87
33.81    87
33.82    110
33.83    104
33.84    83
33.85    104
33.86    93
33.87    87
33.88    99
33.89    85
33.9     84
33.91    96
33.92    86
33.93    95
33.94    77
33.95    89
33.96    91
33.97    91
33.98    97
33.99    74
34.0     85
34.01    94
34.02    92
34.03    86
34.04    106
34.05    95
34.06    98
34.07    97
34.08    109
34.09    84
34.1     117
34.11    103
34.12    90
34.13    97
34.14    90
34.15    86
34.16    84
34.17    92
34.18    93
34.19    89
34.2     89
34.21    93
34.22    89
34.23    80
34.24    99
34.25    80
34.26    76
34.27    90
34.28    99
34.29    87
34.3     79
34.31    97
34.32    85
34.33    102
34.34    89
34.35    91
34.36    71
34.37    87
34.38    92
34.39    80
34.4     99
34.41    95
34.42    113
34.43    100
34.44    85
34.45    102
34.46    80
34.47    91
34.48    80
34.49    80
34.5     104
34.51    100
34.52    91
34.53    95
34.54    93
34.55    75
34.56    86
34.57    97
34.58    95
34.59    93
34.6     80
34.61    90
34.62    78
34.63    85
34.64    88
34.65    95
34.66    90
34.67    83
34.68    80
34.69    86
34.7     77
34.71    93
34.72    73
34.73    84
34.74    74
34.75    94
34.76    90
34.77    90
34.78    105
34.79    80
34.8     82
34.81    82
34.82    91
34.83    84
34.84    84
34.85    81
34.86    87
34.87    78
34.88    78
34.89    76
34.9     93
34.91    78
34.92    90
34.93    88
34.94    78
34.95    83
34.96    78
34.97    85
34.98    66
34.99    87
35.0     86
35.01    74
35.02    88
35.03    100
35.04    90
35.05    79
35.06    76
35.07    79
35.08    93
35.09    99
35.1     78
35.11    79
35.12    97
35.13    77
35.14    76
35.15    78
35.16    99
35.17    70
35.18    92
35.19    81
35.2     85
35.21    85
35.22    84
35.23    87
35.24    92
35.25    79
35.26    87
35.27    79
35.28    88
35.29    108
35.3     81
35.31    120
35.32    105
35.33    96
35.34    103
35.35    101
35.36    91
35.37    94
35.38    89
35.39    99
35.4     101
35.41    91
35.42    107
35.43    100
35.44    109
35.45    115
35.46    103
35.47    107
35.48    102
35.49    85
35.5     86
35.51    90
35.52    89
35.53    82
35.54    91
35.55    91
35.56    90
35.57    83
35.58    79
35.59    81
35.6     91
35.61    71
35.62    72
35.63    86
35.64    81
35.65    88
35.66    96
35.67    86
35.68    88
35.69    96
35.7     94
35.71    83
35.72    91
35.73    82
35.74    75
35.75    82
35.76    96
35.77    87
35.78    90
35.79    110
35.8     110
35.81    98
35.82    90
35.83    84
35.84    89
35.85    85
35.86    91
35.87    87
35.88    98
35.89    95
35.9     90
35.91    93
35.92    86
35.93    90
35.94    96
35.95    86
35.96    91
35.97    92
35.98    86
35.99    92
36.0     90
36.01    88
36.02    101
36.03    119
36.04    121
36.05    100
36.06    103
36.07    97
36.08    105
36.09    99
36.1     115
36.11    125
36.12    113
36.13    113
36.14    100
36.15    116
36.16    151
36.17    133
36.18    153
36.19    144
36.2     142
36.21    151
36.22    143
36.23    154
36.24    151
36.25    169
36.26    194
36.27    203
36.28    216
36.29    221
36.3     237
36.31    318
36.32    341
36.33    374
36.34    428
36.35    513
36.36    597
36.37    728
36.38    862
36.39    1097
36.4     1348
36.41    1699
36.42    2008
36.43    2312
36.44    2457
36.45    2255
36.46    1786
36.47    1343
36.48    1021
36.49    925
36.5     906
36.51    1119
36.52    1223
36.53    1270
36.54    1223
36.55    1008
36.56    689
36.57    481
36.58    327
36.59    246
36.6     189
36.61    172
36.62    165
36.63    131
36.64    147
36.65    125
36.66    125
36.67    132
36.68    130
36.69    114
36.7     117
36.71    104
36.72    105
36.73    84
36.74    96
36.75    101
36.76    93
36.77    89
36.78    112
36.79    80
36.8     92
36.81    90
36.82    81
36.83    85
36.84    85
36.85    84
36.86    86
36.87    94
36.88    90
36.89    74
36.9     106
36.91    91
36.92    88
36.93    77
36.94    67
36.95    88
36.96    94
36.97    92
36.98    97
36.99    92
37.0     96
37.01    83
37.02    84
37.03    109
37.04    93
37.05    80
37.06    76
37.07    72
37.08    92
37.09    66
37.1     77
37.11    75
37.12    66
37.13    96
37.14    89
37.15    86
37.16    78
37.17    94
37.18    65
37.19    85
37.2     109
37.21    109
37.22    61
37.23    86
37.24    84
37.25    82
37.26    74
37.27    83
37.28    90
37.29    79
37.3     86
37.31    89
37.32    78
37.33    88
37.34    84
37.35    75
37.36    82
37.37    75
37.38    67
37.39    76
37.4     77
37.41    86
37.42    91
37.43    78
37.44    68
37.45    72
37.46    90
37.47    86
37.48    72
37.49    73
37.5     78
37.51    81
37.52    79
37.53    73
37.54    77
37.55    89
37.56    80
37.57    80
37.58    93
37.59    80
37.6     75
37.61    68
37.62    86
37.63    91
37.64    71
37.65    84
37.66    81
37.67    81
37.68    91
37.69    74
37.7     79
37.71    80
37.72    69
37.73    87
37.74    84
37.75    78
37.76    81
37.77    55
37.78    84
37.79    69
37.8     76
37.81    83
37.82    71
37.83    76
37.84    84
37.85    63
37.86    88
37.87    78
37.88    74
37.89    69
37.9     90
37.91    75
37.92    57
37.93    72
37.94    93
37.95    79
37.96    79
37.97    80
37.98    85
37.99    82
38.0     70
38.01    90
38.02    86
38.03    86
38.04    99
38.05    91
38.06    87
38.07    82
38.08    104
38.09    90
38.1     95
38.11    86
38.12    91
38.13    81
38.14    94
38.15    77
38.16    80
38.17    77
38.18    78
38.19    88
38.2     83
38.21    88
38.22    76
38.23    80
38.24    78
38.25    73
38.26    80
38.27    79
38.28    62
38.29    74
38.3     94
38.31    80
38.32    89
38.33    70
38.34    57
38.35    87
38.36    76
38.37    80
38.38    97
38.39    86
38.4     78
38.41    73
38.42    82
38.43    78
38.44    77
38.45    80
38.46    82
38.47    84
38.48    79
38.49    69
38.5     75
38.51    84
38.52    72
38.53    74
38.54    87
38.55    88
38.56    77
38.57    75
38.58    82
38.59    60
38.6     58
38.61    69
38.62    79
38.63    82
38.64    73
38.65    78
38.66    80
38.67    93
38.68    78
38.69    74
38.7     73
38.71    65
38.72    82
38.73    87
38.74    88
38.75    94
38.76    107
38.77    64
38.78    93
38.79    83
38.8     94
38.81    78
38.82    81
38.83    83
38.84    92
38.85    71
38.86    89
38.87    65
38.88    78
38.89    96
38.9     91
38.91    72
38.92    95
38.93    102
38.94    99
38.95    71
38.96    86
38.97    87
38.98    92
38.99    92
39.0     89
39.01    88
39.02    71
39.03    97
39.04    86
39.05    88
39.06    97
39.07    89
39.08    115
39.09    97
39.1     93
39.11    92
39.12    125
39.13    124
39.14    126
39.15    134
39.16    132
39.17    139
39.18    165
39.19    187
39.2     175
39.21    167
39.22    198
39.23    223
39.24    256
39.25    250
39.26    333
39.27    379
39.28    456
39.29    530
39.3     693
39.31    809
39.32    974
39.33    1278
39.34    1536
39.35    1758
39.36    1806
39.37    1677
39.38    1309
39.39    1007
39.4     778
39.41    648
39.42    654
39.43    748
39.44    834
39.45    895
39.46    971
39.47    883
39.48    689
39.49    502
39.5     357
39.51    246
39.52    192
39.53    173
39.54    158
39.55    134
39.56    136
39.57    134
39.58    129
39.59    108
39.6     98
39.61    114
39.62    119
39.63    94
39.64    98
39.65    105
39.66    100
39.67    96
39.68    103
39.69    101
39.7     86
39.71    80
39.72    98
39.73    98
39.74    88
39.75    79
39.76    88
39.77    93
39.78    84
39.79    85
39.8     96
39.81    86
39.82    91
39.83    109
39.84    96
39.85    91
39.86    89
39.87    87
39.88    99
39.89    97
39.9     93
39.91    95
39.92    98
39.93    105
39.94    103
39.95    96
39.96    104
39.97    104
39.98    105
39.99    112
40.0     123
40.01    132
40.02    145
40.03    151
40.04    163
40.05    156
40.06    159
40.07    185
40.08    219
40.09    258
40.1     278
40.11    373
40.12    413
40.13    512
40.14    625
40.15    786
40.16    923
40.17    1110
40.18    1197
40.19    1210
40.2     1044
40.21    775
40.22    575
40.23    435
40.24    416
40.25    445
40.26    479
40.27    573
40.28    628
40.29    635
40.3     602
40.31    501
40.32    365
40.33    233
40.34    193
40.35    156
40.36    130
40.37    119
40.38    117
40.39    92
40.4     97
40.41    101
40.42    95
40.43    88
40.44    72
40.45    80
40.46    89
40.47    101
40.48    84
40.49    83
40.5     66
40.51    70
40.52    85
40.53    72
40.54    77
40.55    72
40.56    88
40.57    85
40.58    91
40.59    85
40.6     62
40.61    69
40.62    69
40.63    77
40.64    89
40.65    78
40.66    68
40.67    89
40.68    79
40.69    65
40.7     70
40.71    70
40.72    73
40.73    69
40.74    87
40.75    70
40.76    79
40.77    81
40.78    59
40.79    75
40.8     74
40.81    72
40.82    73
40.83    84
40.84    67
40.85    85
40.86    77
40.87    74
40.88    87
40.89    86
40.9     62
40.91    67
40.92    97
40.93    69
40.94    76
40.95    77
40.96    72
40.97    76
40.98    89
40.99    82
41.0     71
41.01    83
41.02    92
41.03    89
41.04    92
41.05    83
41.06    85
41.07    91
41.08    83
41.09    87
41.1     85
41.11    72
41.12    78
41.13    75
41.14    74
41.15    78
41.16    57
41.17    75
41.18    74
41.19    84
41.2     68
41.21    76
41.22    93
41.23    65
41.24    80
41.25    85
41.26    71
41.27    70
41.28    81
41.29    67
41.3     66
41.31    79
41.32    70
41.33    83
41.34    74
41.35    65
41.36    85
41.37    76
41.38    81
41.39    79
41.4     68
41.41    65
41.42    71
41.43    67
41.44    71
41.45    82
41.46    62
41.47    66
41.48    70
41.49    70
41.5     74
41.51    75
41.52    66
41.53    64
41.54    77
41.55    64
41.56    63
41.57    63
41.58    71
41.59    75
41.6     84
41.61    69
41.62    76
41.63    76
41.64    71
41.65    73
41.66    60
41.67    67
41.68    65
41.69    54
41.7     73
41.71    57
41.72    70
41.73    74
41.74    67
41.75    63
41.76    61
41.77    61
41.78    61
41.79    77
41.8     80
41.81    78
41.82    74
41.83    67
41.84    86
41.85    72
41.86    70
41.87    80
41.88    68
41.89    65
41.9     73
41.91    89
41.92    73
41.93    77
41.94    74
41.95    76
41.96    65
41.97    72
41.98    83
41.99    75
42.0     81
42.01    74
42.02    75
42.03    73
42.04    71
42.05    99
42.06    108
42.07    107
42.08    87
42.09    91
42.1     99
42.11    121
42.12    121
42.13    114
42.14    131
42.15    139
42.16    135
42.17    134
42.18    140
42.19    150
42.2     178
42.21    185
42.22    212
42.23    232
42.24    275
42.25    329
42.26    384
42.27    470
42.28    560
42.29    618
42.3     847
42.31    1117
42.32    1299
42.33    1539
42.34    1676
42.35    1778
42.36    1504
42.37    1200
42.38    850
42.39    672
42.4     571
42.41    598
42.42    655
42.43    689
42.44    779
42.45    923
42.46    923
42.47    764
42.48    658
42.49    459
42.5     308
42.51    223
42.52    176
42.53    156
42.54    131
42.55    110
42.56    113
42.57    83
42.58    100
42.59    111
42.6     98
42.61    101
42.62    90
42.63    75
42.64    92
42.65    70
42.66    87
42.67    92
42.68    70
42.69    77
42.7     86
42.71    66
42.72    77
42.73    76
42.74    64
42.75    69
42.76    69
42.77    63
42.78    49
42.79    82
42.8     73
42.81    70
42.82    86
42.83    58
42.84    65
42.85    57
42.86    66
42.87    69
42.88    81
42.89    66
42.9     63
42.91    67
42.92    69
42.93    59
42.94    80
42.95    68
42.96    71
42.97    60
42.98    68
42.99    78
43.0     74
43.01    74
43.02    69
43.03    72
43.04    69
43.05    62
43.06    68
43.07    71
43.08    69
43.09    83
43.1     67
43.11    66
43.12    61
43.13    54
43.14    58
43.15    62
43.16    59
43.17    69
43.18    69
43.19    63
43.2     57
43.21    60
43.22    61
43.23    58
43.24    74
43.25    52
43.26    59
43.27    48
43.28    61
43.29    64
43.3     62
43.31    55
43.32    67
43.33    50
43.34    50
43.35    64
43.36    54
43.37    66
43.38    69
43.39    68
43.4     59
43.41    58
43.42    70
43.43    62
43.44    70
43.45    64
43.46    60
43.47    57
43.48    77
43.49    66
43.5     57
43.51    59
43.52    74
43.53    70
43.54    62
43.55    73
43.56    61
43.57    49
43.58    67
43.59    52
43.6     74
43.61    51
43.62    58
43.63    55
43.64    74
43.65    60
43.66    72
43.67    61
43.68    75
43.69    63
43.7     55
43.71    64
43.72    53
43.73    49
43.74    70
43.75    59
43.76    45
43.77    61
43.78    69
43.79    85
43.8     70
43.81    66
43.82    55
43.83    53
43.84    47
43.85    65
43.86    65
43.87    84
43.88    68
43.89    62
43.9     66
43.91    69
43.92    58
43.93    75
43.94    70
43.95    68
43.96    64
43.97    53
43.98    61
43.99    57
44.0     67
44.01    56
44.02    56
44.03    63
44.04    59
44.05    62
44.06    61
44.07    52
44.08    63
44.09    62
44.1     57
44.11    61
44.12    68
44.13    61
44.14    53
44.15    63
44.16    74
44.17    61
44.18    67
44.19    66
44.2     66
44.21    61
44.22    65
44.23    56
44.24    61
44.25    57
44.26    66
44.27    65
44.28    72
44.29    53
44.3     50
44.31    58
44.32    74
44.33    73
44.34    68
44.35    64
44.36    63
44.37    67
44.38    64
44.39    65
44.4     59
44.41    56
44.42    58
44.43    54
44.44    49
44.45    65
44.46    65
44.47    63
44.48    56
44.49    67
44.5     58
44.51    63
44.52    63
44.53    64
44.54    65
44.55    45
44.56    51
44.57    67
44.58    59
44.59    68
44.6     65
44.61    63
44.62    57
44.63    50
44.64    71
44.65    64
44.66    57
44.67    56
44.68    60
44.69    77
44.7     60
44.71    67
44.72    60
44.73    61
44.74    71
44.75    68
44.76    59
44.77    70
44.78    69
44.79    74
44.8     47
44.81    63
44.82    77
44.83    67
44.84    79
44.85    83
44.86    67
44.87    79
44.88    78
44.89    79
44.9     96
44.91    110
44.92    95
44.93    80
44.94    87
44.95    81
44.96    75
44.97    71
44.98    79
44.99    67
45.0     65
45.01    57
45.02    80
45.03    66
45.04    60
45.05    65
45.06    78
45.07    69
45.08    69
45.09    54
45.1     61
45.11    76
45.12    58
45.13    58
45.14    60
45.15    62
45.16    63
45.17    60
45.18    74
45.19    61
45.2     68
45.21    61
45.22    58
45.23    57
45.24    75
45.25    63
45.26    64
45.27    66
45.28    54
45.29    60
45.3     58
45.31    65
45.32    71
45.33    67
45.34    62
45.35    75
45.36    71
45.37    68
45.38    73
45.39    75
45.4     78
45.41    86
45.42    90
45.43    93
45.44    91
45.45    83
45.46    86
45.47    104
45.48    82
45.49    103
45.5     95
45.51    97
45.52    113
45.53    117
45.54    124
45.55    127
45.56    142
45.57    152
45.58    175
45.59    215
45.6     242
45.61    304
45.62    358
45.63    405
45.64    543
45.65    674
45.66    817
45.67    1004
45.68    1129
45.69    1105
45.7     1076
45.71    778
45.72    570
45.73    459
45.74    355
45.75    338
45.76    347
45.77    378
45.78    429
45.79    530
45.8     579
45.81    591
45.82    530
45.83    455
45.84    326
45.85    235
45.86    182
45.87    131
45.88    104
45.89    115
45.9     90
45.91    86
45.92    73
45.93    74
45.94    71
45.95    67
45.96    78
45.97    64
45.98    72
45.99    72
46.0     66
46.01    72
46.02    63
46.03    72
46.04    61
46.05    62
46.06    62
46.07    68
46.08    67
46.09    61
46.1     53
46.11    70
46.12    66
46.13    80
46.14    70
46.15    46
46.16    56
46.17    46
46.18    47
46.19    50
46.2     61
46.21    67
46.22    62
46.23    72
46.24    54
46.25    56
46.26    66
46.27    62
46.28    58
46.29    62
46.3     68
46.31    60
46.32    53
46.33    59
46.34    69
46.35    63
46.36    64
46.37    72
46.38    65
46.39    59
46.4     62
46.41    53
46.42    49
46.43    63
46.44    60
46.45    53
46.46    62
46.47    59
46.48    64
46.49    58
46.5     63
46.51    56
46.52    42
46.53    50
46.54    63
46.55    61
46.56    56
46.57    60
46.58    65
46.59    53
46.6     57
46.61    67
46.62    70
46.63    64
46.64    55
46.65    62
46.66    47
46.67    52
46.68    55
46.69    55
46.7     53
46.71    70
46.72    59
46.73    58
46.74    54
46.75    57
46.76    57
46.77    60
46.78    65
46.79    51
46.8     66
46.81    60
46.82    50
46.83    58
46.84    62
46.85    47
46.86    71
46.87    62
46.88    46
46.89    54
46.9     43
46.91    47
46.92    44
46.93    53
46.94    52
46.95    57
46.96    59
46.97    54
46.98    45
46.99    56
47.0     52
47.01    44
47.02    61
47.03    60
47.04    61
47.05    52
47.06    46
47.07    61
47.08    61
47.09    53
47.1     63
47.11    45
47.12    57
47.13    54
47.14    55
47.15    52
47.16    61
47.17    55
47.18    50
47.19    49
47.2     55
47.21    44
47.22    57
47.23    46
47.24    55
47.25    56
47.26    50
47.27    52
47.28    50
47.29    55
47.3     61
47.31    54
47.32    54
47.33    58
47.34    51
47.35    55
47.36    60
47.37    48
47.38    57
47.39    54
47.4     53
47.41    51
47.42    58
47.43    50
47.44    60
47.45    76
47.46    59
47.47    56
47.48    54
47.49    61
47.5     55
47.51    59
47.52    51
47.53    65
47.54    52
47.55    45
47.56    58
47.57    58
47.58    50
47.59    62
47.6     55
47.61    60
47.62    59
47.63    43
47.64    53
47.65    53
47.66    60
47.67    43
47.68    56
47.69    68
47.7     51
47.71    52
47.72    68
47.73    54
47.74    55
47.75    49
47.76    61
47.77    51
47.78    68
47.79    51
47.8     48
47.81    55
47.82    52
47.83    46
47.84    52
47.85    51
47.86    57
47.87    55
47.88    47
47.89    43
47.9     68
47.91    51
47.92    47
47.93    58
47.94    60
47.95    48
47.96    52
47.97    55
47.98    47
47.99    47
48.0     53
48.01    55
48.02    48
48.03    39
48.04    53
48.05    50
48.06    44
48.07    49
48.08    47
48.09    58
48.1     43
48.11    65
48.12    52
48.13    49
48.14    49
48.15    58
48.16    52
48.17    51
48.18    55
48.19    58
48.2     49
48.21    62
48.22    60
48.23    64
48.24    55
48.25    51
48.26    66
48.27    70
48.28    55
48.29    56
48.3     60
48.31    66
48.32    61
48.33    55
48.34    54
48.35    58
48.36    58
48.37    66
48.38    62
48.39    60
48.4     63
48.41    55
48.42    64
48.43    57
48.44    65
48.45    73
48.46    48
48.47    51
48.48    52
48.49    56
48.5     61
48.51    56
48.52    60
48.53    65
48.54    69
48.55    65
48.56    54
48.57    63
48.58    51
48.59    50
48.6     54
48.61    59
48.62    62
48.63    58
48.64    66
48.65    61
48.66    73
48.67    57
48.68    62
48.69    62
48.7     73
48.71    53
48.72    51
48.73    56
48.74    43
48.75    60
48.76    45
48.77    66
48.78    66
48.79    64
48.8     54
48.81    60
48.82    48
48.83    62
48.84    60
48.85    47
48.86    59
48.87    59
48.88    65
48.89    74
48.9     81
48.91    74
48.92    59
48.93    56
48.94    57
48.95    67
48.96    66
48.97    56
48.98    63
48.99    54
49.0     76
49.01    65
49.02    60
49.03    64
49.04    64
49.05    51
49.06    62
49.07    80
49.08    84
49.09    80
49.1     69
49.11    67
49.12    69
49.13    59
49.14    66
49.15    77
49.16    68
49.17    74
49.18    67
49.19    62
49.2     61
49.21    64
49.22    81
49.23    62
49.24    58
49.25    72
49.26    64
49.27    61
49.28    68
49.29    75
49.3     65
49.31    71
49.32    68
49.33    65
49.34    69
49.35    73
49.36    56
49.37    59
49.38    72
49.39    68
49.4     67
49.41    60
49.42    63
49.43    57
49.44    58
49.45    77
49.46    68
49.47    72
49.48    71
49.49    74
49.5     65
49.51    71
49.52    76
49.53    82
49.54    81
49.55    73
49.56    66
49.57    63
49.58    75
49.59    70
49.6     76
49.61    76
49.62    90
49.63    76
49.64    70
49.65    100
49.66    90
49.67    105
49.68    78
49.69    96
49.7     99
49.71    105
49.72    100
49.73    102
49.74    125
49.75    148
49.76    149
49.77    124
49.78    149
49.79    156
49.8     168
49.81    191
49.82    185
49.83    187
49.84    203
49.85    179
49.86    214
49.87    200
49.88    261
49.89    278
49.9     308
49.91    365
49.92    398
49.93    484
49.94    623
49.95    805
49.96    956
49.97    1201
49.98    1557
49.99    1942
50.0     2444
50.01    3057
50.02    3553
50.03    3900
50.04    3757
50.05    3208
50.06    2382
50.07    1718
50.08    1204
50.09    1024
50.1     971
50.11    987
50.12    1125
50.13    1319
50.14    1563
50.15    1756
50.16    1918
50.17    1938
50.18    1713
50.19    1323
50.2     914
50.21    640
50.22    452
50.23    330
50.24    276
50.25    236
50.26    198
50.27    178
50.28    173
50.29    140
50.3     136
50.31    125
50.32    130
50.33    118
50.34    127
50.35    98
50.36    115
50.37    99
50.38    96
50.39    96
50.4     94
50.41    96
50.42    100
50.43    103
50.44    83
50.45    112
50.46    92
50.47    112
50.48    99
50.49    119
50.5     116
50.51    119
50.52    113
50.53    104
50.54    105
50.55    99
50.56    88
50.57    87
50.58    80
50.59    81
50.6     81
50.61    92
50.62    95
50.63    100
50.64    90
50.65    88
50.66    96
50.67    83
50.68    79
50.69    73
50.7     69
50.71    60
50.72    58
50.73    72
50.74    64
50.75    58
50.76    65
50.77    65
50.78    68
50.79    63
50.8     64
50.81    52
50.82    66
50.83    60
50.84    62
50.85    59
50.86    55
50.87    64
50.88    65
50.89    49
50.9     57
50.91    57
50.92    55
50.93    52
50.94    56
50.95    49
50.96    61
50.97    62
50.98    53
50.99    46
51.0     58
51.01    74
51.02    54
51.03    60
51.04    59
51.05    50
51.06    46
51.07    60
51.08    59
51.09    56
51.1     63
51.11    55
51.12    56
51.13    57
51.14    56
51.15    55
51.16    49
51.17    58
51.18    70
51.19    61
51.2     59
51.21    56
51.22    47
51.23    60
51.24    51
51.25    55
51.26    58
51.27    46
51.28    54
51.29    54
51.3     46
51.31    54
51.32    69
51.33    55
51.34    56
51.35    49
51.36    54
51.37    58
51.38    45
51.39    50
51.4     50
51.41    52
51.42    36
51.43    52
51.44    51
51.45    57
51.46    56
51.47    58
51.48    50
51.49    46
51.5     55
51.51    43
51.52    63
51.53    58
51.54    55
51.55    64
51.56    46
51.57    50
51.58    74
51.59    52
51.6     57
51.61    56
51.62    49
51.63    47
51.64    47
51.65    57
51.66    53
51.67    44
51.68    53
51.69    38
51.7     50
51.71    55
51.72    56
51.73    54
51.74    59
51.75    49
51.76    60
51.77    57
51.78    55
51.79    65
51.8     58
51.81    63
51.82    56
51.83    55
51.84    55
51.85    55
51.86    40
51.87    45
51.88    50
51.89    47
51.9     50
51.91    58
51.92    53
51.93    55
51.94    52
51.95    59
51.96    56
51.97    47
51.98    48
51.99    37
52.0     45
52.01    46
52.02    40
52.03    47
52.04    58
52.05    50
52.06    36
52.07    34
52.08    59
52.09    50
52.1     61
52.11    51
52.12    52
52.13    54
52.14    52
52.15    40
52.16    45
52.17    53
52.18    46
52.19    56
52.2     54
52.21    59
52.22    50
52.23    39
52.24    37
52.25    50
52.26    53
52.27    55
52.28    46
52.29    52
52.3     51
52.31    43
52.32    36
52.33    52
52.34    51
52.35    44
52.36    47
52.37    54
52.38    47
52.39    50
52.4     58
52.41    54
52.42    52
52.43    44
52.44    48
52.45    37
52.46    49
52.47    55
52.48    52
52.49    56
52.5     58
52.51    59
52.52    70
52.53    51
52.54    53
52.55    45
52.56    43
52.57    46
52.58    52
52.59    51
52.6     50
52.61    50
52.62    51
52.63    37
52.64    48
52.65    42
52.66    50
52.67    54
52.68    59
52.69    59
52.7     38
52.71    51
52.72    38
52.73    53
52.74    42
52.75    65
52.76    58
52.77    57
52.78    45
52.79    48
52.8     53
52.81    48
52.82    49
52.83    53
52.84    50
52.85    59
52.86    54
52.87    61
52.88    53
52.89    48
52.9     48
52.91    49
52.92    50
52.93    51
52.94    53
52.95    53
52.96    50
52.97    43
52.98    51
52.99    45
53.0     61
53.01    57
53.02    55
53.03    54
53.04    52
53.05    44
53.06    61
53.07    43
53.08    44
53.09    51
53.1     50
53.11    43
53.12    51
53.13    51
53.14    49
53.15    35
53.16    57
53.17    57
53.18    57
53.19    51
53.2     44
53.21    51
53.22    40
53.23    50
53.24    48
53.25    51
53.26    52
53.27    68
53.28    60
53.29    54
53.3     54
53.31    50
53.32    47
53.33    40
53.34    54
53.35    54
53.36    44
53.37    44
53.38    40
53.39    44
53.4     46
53.41    38
53.42    54
53.43    65
53.44    50
53.45    62
53.46    51
53.47    54
53.48    58
53.49    58
53.5     43
53.51    59
53.52    83
53.53    69
53.54    79
53.55    91
53.56    85
53.57    79
53.58    79
53.59    104
53.6     75
53.61    61
53.62    62
53.63    63
53.64    71
53.65    54
53.66    46
53.67    53
53.68    51
53.69    49
53.7     46
53.71    42
53.72    48
53.73    51
53.74    41
53.75    46
53.76    53
53.77    56
53.78    42
53.79    61
53.8     55
53.81    51
53.82    49
53.83    51
53.84    64
53.85    61
53.86    47
53.87    47
53.88    38
53.89    40
53.9     42
53.91    46
53.92    46
53.93    61
53.94    47
53.95    61
53.96    45
53.97    50
53.98    49
53.99    56
54.0     64
54.01    66
54.02    53
54.03    53
54.04    46
54.05    51
54.06    55
54.07    61
54.08    45
54.09    48
54.1     50
54.11    53
54.12    47
54.13    51
54.14    45
54.15    51
54.16    56
54.17    43
54.18    52
54.19    43
54.2     40
54.21    45
54.22    62
54.23    60
54.24    55
54.25    52
54.26    58
54.27    59
54.28    47
54.29    60
54.3     56
54.31    56
54.32    59
54.33    59
54.34    59
54.35    59
54.36    52
54.37    45
54.38    47
54.39    54
54.4     60
54.41    63
54.42    70
54.43    68
54.44    66
54.45    72
54.46    68
54.47    73
54.48    68
54.49    71
54.5     80
54.51    95
54.52    81
54.53    83
54.54    98
54.55    72
54.56    96
54.57    89
54.58    74
54.59    105
54.6     101
54.61    126
54.62    129
54.63    116
54.64    150
54.65    169
54.66    187
54.67    216
54.68    263
54.69    331
54.7     410
54.71    468
54.72    621
54.73    719
54.74    954
54.75    1137
54.76    1192
54.77    1188
54.78    1099
54.79    879
54.8     665
54.81    458
54.82    344
54.83    304
54.84    330
54.85    320
54.86    346
54.87    375
54.88    468
54.89    521
54.9     597
54.91    666
54.92    653
54.93    528
54.94    465
54.95    329
54.96    227
54.97    186
54.98    148
54.99    136
55.0     113
55.01    116
55.02    95
55.03    105
55.04    85
55.05    99
55.06    77
55.07    84
55.08    92
55.09    97
55.1     99
55.11    105
55.12    119
55.13    130
55.14    146
55.15    159
55.16    207
55.17    230
55.18    243
55.19    324
55.2     387
55.21    422
55.22    440
55.23    369
55.24    324
55.25    244
55.26    183
55.27    147
55.28    130
55.29    113
55.3     132
55.31    155
55.32    142
55.33    166
55.34    201
55.35    213
55.36    244
55.37    220
55.38    217
55.39    180
55.4     149
55.41    130
55.42    89
55.43    81
55.44    65
55.45    59
55.46    67
55.47    52
55.48    62
55.49    50
55.5     58
55.51    54
55.52    50
55.53    52
55.54    43
55.55    52
55.56    49
55.57    42
55.58    61
55.59    46
55.6     54
55.61    56
55.62    42
55.63    50
55.64    57
55.65    51
55.66    49
55.67    43
55.68    47
55.69    44
55.7     52
55.71    52
55.72    47
55.73    48
55.74    46
55.75    54
55.76    52
55.77    48
55.78    45
55.79    45
55.8     45
55.81    45
55.82    69
55.83    56
55.84    50
55.85    43
55.86    54
55.87    45
55.88    38
55.89    47
55.9     47
55.91    49
55.92    44
55.93    43
55.94    50
55.95    42
55.96    48
55.97    41
55.98    54
55.99    55
56.0     59
56.01    43
56.02    35
56.03    58
56.04    63
56.05    50
56.06    47
56.07    41
56.08    43
56.09    55
56.1     47
56.11    40
56.12    35
56.13    42
56.14    51
56.15    45
56.16    43
56.17    43
56.18    53
56.19    37
56.2     36
56.21    42
56.22    53
56.23    46
56.24    52
56.25    43
56.26    53
56.27    43
56.28    46
56.29    44
56.3     48
56.31    56
56.32    40
56.33    43
56.34    52
56.35    55
56.36    37
56.37    41
56.38    54
56.39    47
56.4     51
56.41    46
56.42    40
56.43    55
56.44    49
56.45    46
56.46    40
56.47    49
56.48    49
56.49    55
56.5     59
56.51    53
56.52    49
56.53    41
56.54    50
56.55    52
56.56    42
56.57    27
56.58    43
56.59    33
56.6     37
56.61    46
56.62    44
56.63    44
56.64    42
56.65    51
56.66    37
56.67    41
56.68    33
56.69    39
56.7     52
56.71    44
56.72    45
56.73    38
56.74    41
56.75    57
56.76    48
56.77    50
56.78    53
56.79    49
56.8     49
56.81    48
56.82    44
56.83    49
56.84    52
56.85    47
56.86    46
56.87    39
56.88    49
56.89    54
56.9     40
56.91    35
56.92    45
56.93    42
56.94    51
56.95    52
56.96    45
56.97    59
56.98    57
56.99    58
57.0     58
57.01    42
57.02    51
57.03    52
57.04    59
57.05    70
57.06    61
57.07    73
57.08    87
57.09    85
57.1     97
57.11    115
57.12    126
57.13    117
57.14    78
57.15    102
57.16    77
57.17    76
57.18    72
57.19    70
57.2     59
57.21    45
57.22    66
57.23    59
57.24    64
57.25    73
57.26    72
57.27    73
57.28    79
57.29    75
57.3     59
57.31    64
57.32    49
57.33    54
57.34    55
57.35    60
57.36    42
57.37    43
57.38    40
57.39    48
57.4     40
57.41    50
57.42    44
57.43    48
57.44    39
57.45    55
57.46    41
57.47    52
57.48    57
57.49    43
57.5     47
57.51    41
57.52    51
57.53    40
57.54    52
57.55    42
57.56    46
57.57    37
57.58    40
57.59    38
57.6     48
57.61    43
57.62    48
57.63    47
57.64    53
57.65    48
57.66    58
57.67    63
57.68    45
57.69    48
57.7     43
57.71    53
57.72    44
57.73    51
57.74    46
57.75    65
57.76    45
57.77    55
57.78    44
57.79    49
57.8     46
57.81    53
57.82    58
57.83    57
57.84    46
57.85    46
57.86    53
57.87    48
57.88    64
57.89    57
57.9     54
57.91    52
57.92    50
57.93    49
57.94    39
57.95    44
57.96    50
57.97    60
57.98    47
57.99    57
58.0     46
58.01    51
58.02    55
58.03    52
58.04    43
58.05    49
58.06    42
58.07    46
58.08    54
58.09    53
58.1     50
58.11    54
58.12    48
58.13    53
58.14    43
58.15    35
58.16    37
58.17    48
58.18    56
58.19    50
58.2     51
58.21    43
58.22    49
58.23    46
58.24    54
58.25    55
58.26    49
58.27    39
58.28    50
58.29    47
58.3     49
58.31    35
58.32    49
58.33    47
58.34    49
58.35    39
58.36    39
58.37    43
58.38    44
58.39    48
58.4     60
58.41    46
58.42    47
58.43    59
58.44    50
58.45    49
58.46    61
58.47    54
58.48    48
58.49    49
58.5     56
58.51    58
58.52    44
58.53    41
58.54    42
58.55    45
58.56    43
58.57    47
58.58    46
58.59    44
58.6     61
58.61    58
58.62    52
58.63    51
58.64    46
58.65    39
58.66    42
58.67    43
58.68    47
58.69    43
58.7     52
58.71    57
58.72    53
58.73    48
58.74    60
58.75    52
58.76    49
58.77    46
58.78    36
58.79    40
58.8     41
58.81    42
58.82    38
58.83    57
58.84    44
58.85    48
58.86    69
58.87    64
58.88    53
58.89    49
58.9     47
58.91    46
58.92    43
58.93    51
58.94    51
58.95    56
58.96    51
58.97    45
58.98    36
58.99    65
59.0     48
59.01    56
59.02    48
59.03    57
59.04    38
59.05    49
59.06    60
59.07    47
59.08    47
59.09    39
59.1     47
59.11    61
59.12    56
59.13    47
59.14    61
59.15    54
59.16    46
59.17    61
59.18    50
59.19    60
59.2     46
59.21    66
59.22    58
59.23    52
59.24    51
59.25    52
59.26    54
59.27    59
59.28    55
59.29    59
59.3     55
59.31    36
59.32    55
59.33    46
59.34    54
59.35    56
59.36    52
59.37    65
59.38    63
59.39    65
59.4     62
59.41    68
59.42    59
59.43    67
59.44    65
59.45    72
59.46    64
59.47    66
59.48    92
59.49    64
59.5     82
59.51    84
59.52    99
59.53    77
59.54    104
59.55    90
59.56    98
59.57    110
59.58    117
59.59    123
59.6     108
59.61    120
59.62    138
59.63    123
59.64    118
59.65    144
59.66    155
59.67    152
59.68    169
59.69    164
59.7     174
59.71    196
59.72    218
59.73    272
59.74    325
59.75    386
59.76    471
59.77    625
59.78    727
59.79    918
59.8     1058
59.81    1462
59.82    1786
59.83    2072
59.84    2368
59.85    2662
59.86    2483
59.87    2146
59.88    1629
59.89    1233
59.9     855
59.91    708
59.92    577
59.93    550
59.94    534
59.95    577
59.96    701
59.97    756
59.98    908
59.99    1052
60.0     1172
60.01    1277
60.02    1329
60.03    1207
60.04    950
60.05    768
60.06    559
60.07    402
60.08    299
60.09    233
60.1     178
60.11    181
60.12    142
60.13    130
60.14    123
60.15    86
60.16    108
60.17    122
60.18    105
60.19    88
60.2     87
60.21    91
60.22    89
60.23    82
60.24    94
60.25    77
60.26    53
60.27    73
60.28    82
60.29    91
60.3     84
60.31    72
60.32    76
60.33    82
60.34    79
60.35    71
60.36    82
60.37    74
60.38    78
60.39    76
60.4     72
60.41    68
60.42    73
60.43    70
60.44    53
60.45    56
60.46    57
60.47    57
60.48    55
60.49    57
60.5     68
60.51    63
60.52    47
60.53    49
60.54    53
60.55    44
60.56    48
60.57    60
60.58    46
60.59    52
60.6     58
60.61    52
60.62    56
60.63    57
60.64    64
60.65    64
60.66    60
60.67    48
60.68    62
60.69    64
60.7     57
60.71    75
60.72    71
60.73    73
60.74    60
60.75    62
60.76    68
60.77    57
60.78    54
60.79    65
60.8     49
60.81    49
60.82    57
60.83    58
60.84    64
60.85    60
60.86    66
60.87    63
60.88    48
60.89    53
60.9     78
60.91    60
60.92    51
60.93    53
60.94    55
60.95    48
60.96    52
60.97    43
60.98    63
60.99    45
61.0     53
61.01    41
61.02    51
61.03    48
61.04    49
61.05    41
61.06    45
61.07    45
61.08    39
61.09    52
61.1     45
61.11    55
61.12    46
61.13    42
61.14    52
61.15    57
61.16    43
61.17    57
61.18    53
61.19    37
61.2     36
61.21    50
61.22    36
61.23    46
61.24    45
61.25    38
61.26    64
61.27    38
61.28    42
61.29    32
61.3     44
61.31    52
61.32    44
61.33    46
61.34    44
61.35    51
61.36    59
61.37    53
61.38    42
61.39    50
61.4     61
61.41    50
61.42    38
61.43    44
61.44    36
61.45    36
61.46    46
61.47    48
61.48    39
61.49    41
61.5     65
61.51    55
61.52    41
61.53    45
61.54    40
61.55    47
61.56    52
61.57    53
61.58    38
61.59    36
61.6     41
61.61    48
61.62    43
61.63    45
61.64    46
61.65    49
61.66    49
61.67    44
61.68    45
61.69    47
61.7     43
61.71    39
61.72    40
61.73    42
61.74    44
61.75    46
61.76    45
61.77    45
61.78    41
61.79    52
61.8     47
61.81    43
61.82    38
61.83    34
61.84    33
61.85    43
61.86    50
61.87    42
61.88    44
61.89    38
61.9     45
61.91    43
61.92    46
61.93    50
61.94    33
61.95    35
61.96    40
61.97    41
61.98    46
61.99    42
62.0     45
62.01    43
62.02    42
62.03    52
62.04    50
62.05    37
62.06    36
62.07    39
62.08    51
62.09    38
62.1     41
62.11    50
62.12    54
62.13    54
62.14    54
62.15    42
62.16    45
62.17    56
62.18    52
62.19    54
62.2     56
62.21    48
62.22    42
62.23    43
62.24    44
62.25    47
62.26    38
62.27    42
62.28    35
62.29    38
62.3     40
62.31    56
62.32    46
62.33    53
62.34    44
62.35    58
62.36    49
62.37    37
62.38    43
62.39    53
62.4     42
62.41    34
62.42    44
62.43    48
62.44    37
62.45    44
62.46    46
62.47    41
62.48    41
62.49    41
62.5     46
62.51    46
62.52    50
62.53    45
62.54    41
62.55    46
62.56    45
62.57    51
62.58    45
62.59    43
62.6     35
62.61    40
62.62    44
62.63    50
62.64    49
62.65    41
62.66    43
62.67    44
62.68    37
62.69    30
62.7     45
62.71    50
62.72    42
62.73    35
62.74    40
62.75    34
62.76    38
62.77    42
62.78    46
62.79    51
62.8     45
62.81    48
62.82    53
62.83    44
62.84    34
62.85    40
62.86    37
62.87    44
62.88    38
62.89    49
62.9     44
62.91    36
62.92    37
62.93    53
62.94    54
62.95    54
62.96    45
62.97    43
62.98    53
62.99    41
63.0     34
63.01    37
63.02    38
63.03    42
63.04    44
63.05    51
63.06    46
63.07    28
63.08    55
63.09    36
63.1     33
63.11    52
63.12    57
63.13    54
63.14    39
63.15    46
63.16    47
63.17    48
63.18    42
63.19    37
63.2     49
63.21    43
63.22    43
63.23    42
63.24    40
63.25    44
63.26    47
63.27    46
63.28    53
63.29    40
63.3     50
63.31    50
63.32    32
63.33    52
63.34    46
63.35    33
63.36    34
63.37    34
63.38    38
63.39    42
63.4     54
63.41    47
63.42    48
63.43    53
63.44    38
63.45    46
63.46    44
63.47    39
63.48    39
63.49    51
63.5     48
63.51    43
63.52    48
63.53    50
63.54    50
63.55    54
63.56    40
63.57    47
63.58    50
63.59    57
63.6     50
63.61    54
63.62    51
63.63    43
63.64    75
63.65    56
63.66    46
63.67    43
63.68    40
63.69    49
63.7     55
63.71    53
63.72    47
63.73    62
63.74    69
63.75    60
63.76    61
63.77    66
63.78    64
63.79    70
63.8     79
63.81    80
63.82    98
63.83    106
63.84    123
63.85    157
63.86    173
63.87    197
63.88    213
63.89    301
63.9     344
63.91    408
63.92    403
63.93    463
63.94    411
63.95    357
63.96    278
63.97    177
63.98    156
63.99    139
64.0     103
64.01    108
64.02    112
64.03    99
64.04    135
64.05    125
64.06    172
64.07    156
64.08    202
64.09    238
64.1     232
64.11    252
64.12    215
64.13    190
64.14    140
64.15    121
64.16    94
64.17    109
64.18    76
64.19    71
64.2     61
64.21    70
64.22    61
64.23    61
64.24    58
64.25    50
64.26    48
64.27    42
64.28    55
64.29    56
64.3     40
64.31    54
64.32    41
64.33    52
64.34    56
64.35    44
64.36    36
64.37    43
64.38    48
64.39    37
64.4     40
64.41    41
64.42    33
64.43    34
64.44    40
64.45    41
64.46    40
64.47    53
64.48    54
64.49    54
64.5     51
64.51    41
64.52    38
64.53    46
64.54    49
64.55    45
64.56    47
64.57    53
64.58    47
64.59    53
64.6     37
64.61    44
64.62    48
64.63    42
64.64    37
64.65    56
64.66    44
64.67    47
64.68    40
64.69    55
64.7     35
64.71    40
64.72    34
64.73    39
64.74    47
64.75    44
64.76    50
64.77    51
64.78    46
64.79    45
64.8     44
64.81    51
64.82    43
64.83    37
64.84    52
64.85    45
64.86    34
64.87    38
64.88    42
64.89    42
64.9     45
64.91    44
64.92    43
64.93    37
64.94    29
64.95    42
64.96    33
64.97    54
64.98    37
64.99    42
65.0     46
65.01    40
65.02    39
65.03    57
65.04    33
65.05    50
65.06    45
65.07    55
65.08    39
65.09    37
65.1     46
65.11    33
65.12    48
65.13    43
65.14    46
65.15    36
65.16    37
65.17    48
65.18    60
65.19    47
65.2     47
65.21    48
65.22    37
65.23    48
65.24    41
65.25    59
65.26    36
65.27    50
65.28    53
65.29    50
65.3     54
65.31    54
65.32    48
65.33    53
65.34    45
65.35    47
65.36    45
65.37    50
65.38    39
65.39    37
65.4     38
65.41    43
65.42    57
65.43    61
65.44    65
65.45    56
65.46    65
65.47    59
65.48    61
65.49    50
65.5     57
65.51    45
65.52    49
65.53    61
65.54    74
65.55    62
65.56    66
65.57    62
65.58    64
65.59    64
65.6     77
65.61    83
65.62    89
65.63    108
65.64    123
65.65    164
65.66    160
65.67    168
65.68    166
65.69    147
65.7     141
65.71    128
65.72    110
65.73    94
65.74    81
65.75    85
65.76    71
65.77    59
65.78    64
65.79    69
65.8     70
65.81    86
65.82    105
65.83    106
65.84    94
65.85    108
65.86    108
65.87    117
65.88    111
65.89    85
65.9     80
65.91    69
65.92    76
65.93    75
65.94    52
65.95    52
65.96    53
65.97    59
65.98    57
65.99    48
66.0     48
66.01    55
66.02    59
66.03    57
66.04    51
66.05    53
66.06    56
66.07    44
66.08    49
66.09    63
66.1     50
66.11    45
66.12    43
66.13    45
66.14    58
66.15    65
66.16    47
66.17    70
66.18    46
66.19    55
66.2     48
66.21    64
66.22    49
66.23    36
66.24    38
66.25    53
66.26    53
66.27    55
66.28    38
66.29    49
66.3     44
66.31    45
66.32    48
66.33    53
66.34    57
66.35    49
66.36    42
66.37    44
66.38    46
66.39    63
66.4     46
66.41    63
66.42    56
66.43    41
66.44    52
66.45    47
66.46    56
66.47    50
66.48    45
66.49    51
66.5     48
66.51    53
66.52    57
66.53    46
66.54    52
66.55    62
66.56    36
66.57    48
66.58    50
66.59    54
66.6     53
66.61    46
66.62    50
66.63    60
66.64    56
66.65    58
66.66    53
66.67    56
66.68    54
66.69    57
66.7     55
66.71    51
66.72    47
66.73    53
66.74    54
66.75    49
66.76    62
66.77    41
66.78    51
66.79    50
66.8     51
66.81    59
66.82    46
66.83    59
66.84    65
66.85    57
66.86    49
66.87    59
66.88    62
66.89    62
66.9     57
66.91    48
66.92    67
66.93    48
66.94    58
66.95    69
66.96    44
66.97    57
66.98    70
66.99    66
67.0     54
67.01    61
67.02    64
67.03    48
67.04    59
67.05    56
67.06    63
67.07    49
67.08    56
67.09    57
67.1     52
67.11    62
67.12    60
67.13    57
67.14    57
67.15    68
67.16    72
67.17    75
67.18    72
67.19    78
67.2     65
67.21    84
67.22    69
67.23    64
67.24    74
67.25    68
67.26    72
67.27    86
67.28    75
67.29    67
67.3     77
67.31    72
67.32    80
67.33    79
67.34    82
67.35    86
67.36    89
67.37    81
67.38    99
67.39    92
67.4     103
67.41    106
67.42    114
67.43    102
67.44    115
67.45    115
67.46    112
67.47    133
67.48    157
67.49    166
67.5     174
67.51    185
67.52    236
67.53    234
67.54    294
67.55    356
67.56    406
67.57    520
67.58    643
67.59    795
67.6     957
67.61    1148
67.62    1311
67.63    1503
67.64    1457
67.65    1371
67.66    1154
67.67    833
67.68    647
67.69    483
67.7     427
67.71    332
67.72    321
67.73    334
67.74    339
67.75    351
67.76    361
67.77    414
67.78    507
67.79    556
67.8     645
67.81    784
67.82    789
67.83    870
67.84    766
67.85    720
67.86    555
67.87    450
67.88    378
67.89    338
67.9     318
67.91    323
67.92    328
67.93    354
67.94    417
67.95    415
67.96    507
67.97    647
67.98    739
67.99    906
68.0     1146
68.01    1316
68.02    1563
68.03    1703
68.04    1666
68.05    1533
68.06    1248
68.07    974
68.08    740
68.09    601
68.1     557
68.11    507
68.12    530
68.13    566
68.14    683
68.15    744
68.16    947
68.17    1126
68.18    1381
68.19    1525
68.2     1820
68.21    1856
68.22    1860
68.23    1674
68.24    1480
68.25    1136
68.26    849
68.27    659
68.28    515
68.29    397
68.3     360
68.31    321
68.32    309
68.33    319
68.34    365
68.35    435
68.36    493
68.37    504
68.38    616
68.39    657
68.4     629
68.41    579
68.42    556
68.43    436
68.44    310
68.45    272
68.46    220
68.47    183
68.48    171
68.49    148
68.5     131
68.51    110
68.52    111
68.53    108
68.54    94
68.55    89
68.56    83
68.57    98
68.58    83
68.59    82
68.6     79
68.61    72
68.62    85
68.63    62
68.64    67
68.65    67
68.66    72
68.67    68
68.68    71
68.69    60
68.7     67
68.71    67
68.72    56
68.73    66
68.74    66
68.75    66
68.76    64
68.77    57
68.78    72
68.79    52
68.8     61
68.81    53
68.82    54
68.83    57
68.84    54
68.85    60
68.86    63
68.87    62
68.88    67
68.89    77
68.9     67
68.91    50
68.92    60
68.93    66
68.94    54
68.95    51
68.96    51
68.97    49
68.98    48
68.99    60
69.0     51
69.01    51
69.02    57
69.03    63
69.04    55
69.05    47
69.06    60
69.07    55
69.08    47
69.09    58
69.1     63
69.11    59
69.12    53
69.13    53
69.14    60
69.15    53
69.16    52
69.17    55
69.18    50
69.19    65
69.2     47
69.21    46
69.22    44
69.23    51
69.24    57
69.25    51
69.26    51
69.27    54
69.28    46
69.29    47
69.3     55
69.31    54
69.32    53
69.33    51
69.34    57
69.35    46
69.36    40
69.37    60
69.38    42
69.39    39
69.4     43
69.41    44
69.42    49
69.43    56
69.44    48
69.45    50
69.46    51
69.47    56
69.48    46
69.49    49
69.5     49
69.51    43
69.52    50
69.53    40
69.54    41
69.55    50
69.56    56
69.57    45
69.58    44
69.59    39
69.6     59
69.61    45
69.62    47
69.63    53
69.64    44
69.65    53
69.66    30
69.67    42
69.68    48
69.69    49
69.7     38
69.71    53
69.72    39
69.73    47
69.74    46
69.75    52
69.76    45
69.77    48
69.78    36
69.79    46
69.8     49
69.81    45
69.82    36
69.83    51
69.84    45
69.85    44
69.86    51
69.87    46
69.88    37
69.89    41
69.9     39
69.91    51
69.92    41
69.93    50
69.94    35
69.95    44
69.96    53
69.97    41
69.98    49
69.99    57
70.0     48
70.01    49
70.02    42
70.03    44
70.04    45
70.05    36
70.06    50
70.07    39
70.08    42
70.09    39
70.1     33
70.11    45
70.12    44
70.13    42
70.14    51
70.15    50
70.16    48
70.17    50
70.18    43
70.19    41
70.2     49
70.21    47
70.22    48
70.23    43
70.24    41
70.25    37
70.26    38
70.27    46
70.28    51
70.29    40
70.3     41
70.31    39
70.32    44
70.33    35
70.34    46
70.35    44
70.36    47
70.37    54
70.38    39
70.39    41
70.4     42
70.41    40
70.42    33
70.43    32
70.44    43
70.45    45
70.46    59
70.47    58
70.48    49
70.49    50
70.5     39
70.51    47
70.52    49
70.53    50
70.54    43
70.55    37
70.56    42
70.57    52
70.58    44
70.59    37
70.6     45
70.61    47
70.62    42
70.63    38
70.64    52
70.65    51
70.66    46
70.67    44
70.68    58
70.69    59
70.7     37
70.71    45
70.72    51
70.73    51
70.74    47
70.75    40
70.76    42
70.77    45
70.78    49
70.79    57
70.8     48
70.81    52
70.82    38
70.83    48
70.84    44
70.85    47
70.86    49
70.87    46
70.88    49
70.89    49
70.9     46
70.91    49
70.92    47
70.93    50
70.94    49
70.95    40
70.96    59
70.97    45
70.98    39
70.99    45
71.0     40
71.01    42
71.02    41
71.03    45
71.04    40
71.05    42
71.06    42
71.07    49
71.08    49
71.09    53
71.1     52
71.11    51
71.12    37
71.13    51
71.14    45
71.15    40
71.16    42
71.17    46
71.18    36
71.19    48
71.2     48
71.21    43
71.22    51
71.23    35
71.24    48
71.25    33
71.26    41
71.27    27
71.28    36
71.29    38
71.3     39
71.31    39
71.32    50
71.33    42
71.34    40
71.35    37
71.36    52
71.37    51
71.38    41
71.39    52
71.4     42
71.41    39
71.42    31
71.43    45
71.44    48
71.45    44
71.46    35
71.47    42
71.48    33
71.49    34
71.5     30
71.51    42
71.52    46
71.53    44
71.54    45
71.55    44
71.56    34
71.57    37
71.58    47
71.59    36
71.6     32
71.61    33
71.62    43
71.63    35
71.64    46
71.65    46
71.66    45
71.67    47
71.68    37
71.69    43
71.7     54
71.71    46
71.72    50
71.73    43
71.74    29
71.75    37
71.76    52
71.77    32
71.78    46
71.79    48
71.8     39
71.81    38
71.82    53
71.83    54
71.84    57
71.85    41
71.86    41
71.87    48
71.88    54
71.89    52
71.9     40
71.91    44
71.92    49
71.93    46
71.94    43
71.95    36
71.96    48
71.97    33
71.98    43
71.99    44
72.0     39
72.01    44
72.02    39
72.03    46
72.04    30
72.05    47
72.06    39
72.07    37
72.08    46
72.09    38
72.1     46
72.11    51
72.12    35
72.13    48
72.14    36
72.15    45
72.16    51
72.17    51
72.18    47
72.19    51
72.2     53
72.21    48
72.22    34
72.23    44
72.24    43
72.25    47
72.26    43
72.27    38
72.28    44
72.29    38
72.3     52
72.31    43
72.32    38
72.33    36
72.34    44
72.35    43
72.36    42
72.37    42
72.38    42
72.39    44
72.4     48
72.41    45
72.42    46
72.43    37
72.44    40
72.45    42
72.46    49
72.47    32
72.48    39
72.49    36
72.5     30
72.51    46
72.52    40
72.53    37
72.54    46
72.55    49
72.56    45
72.57    44
72.58    36
72.59    41
72.6     40
72.61    46
72.62    45
72.63    52
72.64    45
72.65    38
72.66    44
72.67    41
72.68    34
72.69    49
72.7     48
72.71    45
72.72    45
72.73    45
72.74    33
72.75    47
72.76    27
72.77    36
72.78    44
72.79    41
72.8     43
72.81    49
72.82    42
72.83    42
72.84    45
72.85    49
72.86    35
72.87    42
72.88    45
72.89    43
72.9     46
72.91    45
72.92    42
72.93    48
72.94    46
72.95    46
72.96    50
72.97    50
72.98    46
72.99    39
73.0     44
73.01    51
73.02    48
73.03    50
73.04    53
73.05    51
73.06    58
73.07    55
73.08    40
73.09    45
73.1     58
73.11    47
73.12    57
73.13    53
73.14    60
73.15    53
73.16    60
73.17    48
73.18    69
73.19    70
73.2     73
73.21    72
73.22    62
73.23    72
73.24    73
73.25    99
73.26    102
73.27    113
73.28    133
73.29    180
73.3     192
73.31    236
73.32    264
73.33    319
73.34    393
73.35    427
73.36    474
73.37    404
73.38    337
73.39    273
73.4     211
73.41    146
73.42    148
73.43    128
73.44    118
73.45    117
73.46    101
73.47    89
73.48    98
73.49    99
73.5     117
73.51    148
73.52    153
73.53    174
73.54    196
73.55    213
73.56    234
73.57    233
73.58    244
73.59    215
73.6     163
73.61    141
73.62    124
73.63    91
73.64    78
73.65    70
73.66    63
73.67    56
73.68    68
73.69    66
73.7     56
73.71    61
73.72    47
73.73    52
73.74    57
73.75    60
73.76    60
73.77    52
73.78    50
73.79    51
73.8     56
73.81    49
73.82    47
73.83    44
73.84    49
73.85    45
73.86    33
73.87    46
73.88    43
73.89    44
73.9     50
73.91    44
73.92    38
73.93    43
73.94    40
73.95    50
73.96    53
73.97    43
73.98    53
73.99    45
74.0     51
74.01    54
74.02    32
74.03    41
74.04    42
74.05    41
74.06    45
74.07    42
74.08    55
74.09    54
74.1     41
74.11    38
74.12    43
74.13    39
74.14    41
74.15    43
74.16    41
74.17    37
74.18    50
74.19    39
74.2     30
74.21    46
74.22    51
74.23    48
74.24    46
74.25    49
74.26    48
74.27    40
74.28    41
74.29    39
74.3     37
74.31    40
74.32    40
74.33    39
74.34    43
74.35    43
74.36    51
74.37    44
74.38    42
74.39    40
74.4     37
74.41    45
74.42    52
74.43    35
74.44    36
74.45    51
74.46    46
74.47    46
74.48    51
74.49    52
74.5     40
74.51    42
74.52    32
74.53    44
74.54    51
74.55    48
74.56    37
74.57    48
74.58    45
74.59    46
74.6     42
74.61    49
74.62    45
74.63    40
74.64    46
74.65    43
74.66    51
74.67    39
74.68    32
74.69    52
74.7     37
74.71    42
74.72    27
74.73    52
74.74    58
74.75    35
74.76    46
74.77    49
74.78    38
74.79    42
74.8     44
74.81    43
74.82    44
74.83    45
74.84    40
74.85    38
74.86    39
74.87    47
74.88    40
74.89    47
74.9     43
74.91    36
74.92    52
74.93    43
74.94    53
74.95    48
74.96    40
74.97    44
74.98    42
74.99    45
75.0     50
75.01    50
75.02    45
75.03    36
75.04    41
75.05    49
75.06    51
75.07    50
75.08    61
75.09    44
75.1     58
75.11    56
75.12    55
75.13    51
75.14    55
75.15    42
75.16    55
75.17    50
75.18    56
75.19    53
75.2     45
75.21    49
75.22    57
75.23    61
75.24    47
75.25    66
75.26    67
75.27    60
75.28    61
75.29    62
75.3     72
75.31    70
75.32    62
75.33    55
75.34    73
75.35    73
75.36    69
75.37    63
75.38    85
75.39    75
75.4     100
75.41    97
75.42    96
75.43    105
75.44    133
75.45    129
75.46    190
75.47    215
75.48    233
75.49    272
75.5     366
75.51    417
75.52    519
75.53    654
75.54    643
75.55    744
75.56    744
75.57    629
75.58    472
75.59    432
75.6     297
75.61    257
75.62    216
75.63    143
75.64    129
75.65    130
75.66    137
75.67    120
75.68    133
75.69    160
75.7     167
75.71    167
75.72    203
75.73    248
75.74    252
75.75    345
75.76    373
75.77    387
75.78    384
75.79    340
75.8     276
75.81    246
75.82    181
75.83    170
75.84    151
75.85    100
75.86    91
75.87    66
75.88    91
75.89    73
75.9     60
75.91    70
75.92    55
75.93    51
75.94    56
75.95    47
75.96    39
75.97    50
75.98    57
75.99    50
76.0     42
76.01    43
76.02    45
76.03    57
76.04    50
76.05    47
76.06    55
76.07    55
76.08    42
76.09    40
76.1     53
76.11    44
76.12    45
76.13    44
76.14    42
76.15    46
76.16    46
76.17    46
76.18    61
76.19    40
76.2     42
76.21    43
76.22    46
76.23    49
76.24    47
76.25    51
76.26    41
76.27    51
76.28    42
76.29    42
76.3     35
76.31    49
76.32    44
76.33    36
76.34    37
76.35    34
76.36    35
76.37    37
76.38    43
76.39    44
76.4     40
76.41    34
76.42    53
76.43    52
76.44    30
76.45    40
76.46    46
76.47    34
76.48    39
76.49    62
76.5     47
76.51    56
76.52    65
76.53    50
76.54    39
76.55    41
76.56    52
76.57    54
76.58    45
76.59    38
76.6     40
76.61    39
76.62    47
76.63    52
76.64    43
76.65    43
76.66    43
76.67    33
76.68    49
76.69    42
76.7     34
76.71    40
76.72    35
76.73    42
76.74    43
76.75    47
76.76    40
76.77    51
76.78    53
76.79    49
76.8     26
76.81    49
76.82    41
76.83    55
76.84    53
76.85    50
76.86    48
76.87    41
76.88    50
76.89    49
76.9     52
76.91    37
76.92    39
76.93    42
76.94    35
76.95    35
76.96    35
76.97    43
76.98    39
76.99    52
77.0     43
77.01    41
77.02    39
77.03    47
77.04    47
77.05    38
77.06    44
77.07    51
77.08    41
77.09    52
77.1     38
77.11    54
77.12    51
77.13    52
77.14    36
77.15    36
77.16    39
77.17    40
77.18    57
77.19    48
77.2     55
77.21    39
77.22    39
77.23    46
77.24    48
77.25    52
77.26    51
77.27    47
77.28    50
77.29    43
77.3     60
77.31    47
77.32    48
77.33    50
77.34    52
77.35    51
77.36    58
77.37    46
77.38    63
77.39    55
77.4     66
77.41    64
77.42    71
77.43    79
77.44    82
77.45    92
77.46    79
77.47    92
77.48    147
77.49    132
77.5     168
77.51    209
77.52    234
77.53    301
77.54    328
77.55    376
77.56    373
77.57    392
77.58    380
77.59    303
77.6     249
77.61    221
77.62    158
77.63    132
77.64    128
77.65    96
77.66    113
77.67    85
77.68    88
77.69    93
77.7     101
77.71    103
77.72    112
77.73    116
77.74    133
77.75    139
77.76    162
77.77    205
77.78    208
77.79    216
77.8     221
77.81    214
77.82    176
77.83    144
77.84    124
77.85    111
77.86    94
77.87    79
77.88    66
77.89    67
77.9     55
77.91    64
77.92    57
77.93    46
77.94    58
77.95    52
77.96    44
77.97    48
77.98    54
77.99    50
78.0     58
78.01    42
78.02    51
78.03    53
78.04    39
78.05    43
78.06    41
78.07    59
78.08    52
78.09    39
78.1     45
78.11    50
78.12    45
78.13    43
78.14    48
78.15    53
78.16    50
78.17    42
78.18    35
78.19    36
78.2     33
78.21    50
78.22    45
78.23    46
78.24    49
78.25    43
78.26    41
78.27    48
78.28    42
78.29    40
78.3     43
78.31    54
78.32    58
78.33    47
78.34    40
78.35    40
78.36    48
78.37    33
78.38    42
78.39    49
78.4     38
78.41    48
78.42    33
78.43    37
78.44    40
78.45    40
78.46    44
78.47    50
78.48    38
78.49    48
78.5     45
78.51    48
78.52    49
78.53    51
78.54    50
78.55    58
78.56    42
78.57    41
78.58    34
78.59    39
78.6     44
78.61    40
78.62    40
78.63    41
78.64    40
78.65    33
78.66    45
78.67    42
78.68    38
78.69    41
78.7     49
78.71    39
78.72    33
78.73    50
78.74    41
78.75    37
78.76    39
78.77    33
78.78    42
78.79    44
78.8     45
78.81    33
78.82    41
78.83    42
78.84    44
78.85    39
78.86    53
78.87    42
78.88    45
78.89    49
78.9     51
78.91    45
78.92    39
78.93    39
78.94    35
78.95    49
78.96    45
78.97    34
78.98    36
78.99    45
79.0     48
79.01    48
79.02    45
79.03    44
79.04    40
79.05    49
79.06    37
79.07    45
79.08    34
79.09    33
79.1     47
79.11    40
79.12    51
79.13    44
79.14    37
79.15    49
79.16    47
79.17    44
79.18    46
79.19    40
79.2     37
79.21    48
79.22    51
79.23    41
79.24    37
79.25    49
79.26    52
79.27    51
79.28    62
79.29    51
79.3     53
79.31    57
79.32    49
79.33    51
79.34    40
79.35    63
79.36    59
79.37    56
79.38    54
79.39    35
79.4     60
79.41    59
79.42    57
79.43    54
79.44    46
79.45    47
79.46    58
79.47    58
79.48    68
79.49    56
79.5     70
79.51    65
79.52    67
79.53    60
79.54    62
79.55    64
79.56    62
79.57    77
79.58    83
79.59    87
79.6     82
79.61    72
79.62    94
79.63    99
79.64    111
79.65    107
79.66    115
79.67    123
79.68    169
79.69    199
79.7     219
79.71    270
79.72    316
79.73    401
79.74    503
79.75    579
79.76    677
79.77    662
79.78    689
79.79    615
79.8     545
79.81    460
79.82    360
79.83    294
79.84    252
79.85    207
79.86    229
79.87    187
79.88    189
79.89    226
79.9     222
79.91    266
79.92    293
79.93    326
79.94    342
79.95    354
79.96    335
79.97    356
79.98    368
79.99    395
80.0     401
